638.031 221.187 640.087 251.43 582.969 255.313 580.913 225.07 AFV 0.931641
637.665 253.616 639.91 281.087 587.335 285.384 585.09 257.913 AFV 0.931641
605.882 447.505 608.244 476.409 552.118 480.995 549.756 452.091 AFV 0.923828
602.473 417.021 604.913 445.181 549.527 449.979 547.087 421.819 AFV 0.920898
453.71 179.775 456.461 208 400.29 213.475 397.539 185.25 AFV 0.915039
564.964 551.044 568.021 579.789 510.036 585.956 506.979 557.211 AFV 0.912109
633.204 188.78 635.329 217.545 578.796 221.72 576.671 192.955 AFV 0.912109
502.684 596.207 505.908 624.666 451.816 630.793 448.592 602.334 AFV 0.912109
589.721 290.35 591.903 319.894 534.279 324.15 532.097 294.606 AFV 0.912109
491.122 465.059 493.469 493.776 436.378 498.441 434.031 469.724 AFV 0.911133
565.867 585.597 568.93 616.1 516.133 621.403 513.07 590.9 AFV 0.911133
596.492 353.311 598.853 382.559 541.508 387.189 539.147 357.941 AFV 0.910156
583.835 228.913 585.283 258.268 528.165 261.087 526.717 231.732 AFV 0.90918
491.471 431.561 492.895 460.995 432.029 463.939 430.605 434.505 AFV 0.908203
547.784 424.733 549.931 453.042 494.216 457.267 492.069 428.958 AFV 0.908203
621.655 577.45 625.305 606.85 571.345 613.55 567.695 584.15 AFV 0.907227
554.786 490.727 556.949 517.515 504.214 521.773 502.051 494.985 AFV 0.907227
589.575 321.959 591.558 351.549 539.425 355.041 537.442 325.451 AFV 0.905273
585.317 260.706 586.741 289.577 531.683 292.294 530.259 263.423 AFV 0.904297
639.934 314.27 642.763 342.44 595.066 347.23 592.237 319.06 AFV 0.902344
640.378 283.546 643.085 312.184 592.622 316.954 589.915 288.316 AFV 0.901367
598.681 386.054 600.631 414.754 546.319 418.446 544.369 389.746 AFV 0.900391
495.809 530.555 497.571 561.364 443.691 564.445 441.929 533.636 AFV 0.899414
575.965 197.748 579.539 226.307 532.035 232.252 528.461 203.693 AFV 0.898438
522.265 237.164 523.414 267.705 466.735 269.836 465.586 239.295 AFV 0.898438
457.773 211.107 460.314 239.791 402.727 244.893 400.186 216.209 AFV 0.895508
560.171 521.001 562.249 549.127 509.829 552.999 507.751 524.873 AFV 0.89502
614.365 512.992 615.98 541.728 557.635 545.008 556.02 516.272 AFV 0.89502
540.574 357.724 543.586 386.048 494.426 391.276 491.414 362.952 AFV 0.889648
615.512 545.99 617.619 577.451 564.488 581.01 562.381 549.549 AFV 0.888672
516.08 205.242 518.089 232.81 463.92 236.758 461.911 209.19 AFV 0.885742
503.578 559.544 506.137 588.431 449.422 593.456 446.863 564.569 AFV 0.884766
640.215 347.416 643.412 375.642 599.785 380.584 596.588 352.358 AFV 0.87793
550.895 454.216 553.647 485.972 498.105 490.784 495.353 459.028 AFV 0.876953
608.263 483.049 609.558 511.551 556.737 513.951 555.442 485.449 AFV 0.875
542.544 392.94 545.163 419.813 496.456 424.56 493.837 397.687 AFV 0.874023
525.281 268.638 526.968 295.804 477.719 298.862 476.032 271.696 AFV 0.87207
531.352 330.88 533.172 357.662 489.648 360.62 487.828 333.838 AFV 0.869141
570.217 615.623 573.129 641.334 519.783 647.377 516.871 621.666 AFV 0.869141
464.042 242.228 467.241 272.308 406.458 278.772 403.259 248.692 AFV 0.868164
493.958 498.498 495.577 527.296 438.542 530.502 436.923 501.704 AFV 0.867188
630.206 607.195 634.188 635.226 573.794 643.805 569.812 615.774 AFV 0.848633
531.026 301.038 532.658 327.315 481.974 330.462 480.342 304.185 AFV 0.84375
620.163 540.226 642 539.69 642.837 573.774 621 574.31 AFV 0.834473
617.7 506.779 640.664 506.321 641.3 538.221 618.336 538.679 AFV 0.832031
604.9 410.762 639.361 409.996 640.1 443.238 605.639 444.004 AFV 0.806641
609.104 474.615 640.823 474.542 640.896 506.385 609.177 506.458 AFV 0.79248
628.013 575.538 640.83 575.017 641.987 603.462 629.17 603.983 AFV 0.776367
637.746 375.861 645.247 405.537 607.254 415.139 599.753 385.463 AFV 0.766602
606.205 442.624 637.566 441.277 638.795 469.876 607.434 471.223 AFV 0.736328
515.973 622.193 518.505 642.426 459.527 649.807 456.995 629.574 AFV 0.501465
631.959 607.058 641.395 606.855 642.041 636.942 632.605 637.145 AFV 0.430176
516.3 184.818 518.895 211.442 467.7 216.432 465.105 189.808 AFV 0.349365
