601.442 159.128 608.481 215.377 578.558 219.122 571.519 162.873 AFV 0.914062
466.21 274.425 480.159 299.009 426.29 329.575 412.341 304.991 AFV 0.90625
481.055 306.964 491.934 329.559 436.945 356.036 426.066 333.441 AFV 0.883789
590.191 452.768 605.319 472.079 559.809 507.732 544.681 488.421 AFV 0.883789
516.827 361.161 531.9 384.311 481.173 417.339 466.1 394.189 AFV 0.883789
493.854 330.82 505.168 352.604 450.146 381.18 438.832 359.396 AFV 0.876953
612.352 476.405 631.068 500.685 578.648 541.095 559.932 516.815 AFV 0.862305
576.148 420.905 592.064 443.332 538.852 481.095 522.936 458.668 AFV 0.858887
542.226 386.709 558.947 410.442 508.774 445.791 492.053 422.058 AFV 0.837891
633.48 504.955 650.072 526.61 602.52 563.045 585.928 541.39 AFV 0.806641
632.635 152.584 633.922 216.884 607.365 217.416 606.078 153.116 AFV 0.791016
580.794 -5.08235 614.695 -2.47845 612.206 29.9261 578.305 27.3222 AFV 0.481445
