258.272 316.499 298.819 317.619 298.228 339.001 257.681 337.881 SMV 0.914062
79.3586 228.382 140.856 228.901 140.641 254.368 79.1436 253.849 LMV 0.886719
80.9209 197.132 143.359 199.91 142.204 225.868 79.7659 223.09 LMV 0.854004
297.465 370.417 298.317 392.51 257.535 394.083 256.683 371.99 SMV 0.834961
80.2968 258.791 143.909 260.059 143.328 289.209 79.7158 287.941 LMV 0.81543
261.469 287.997 297.92 292.151 295.031 317.503 258.58 313.349 SMV 0.812012
299.401 143.883 300.017 163.904 260.599 165.117 259.983 145.096 SMV 0.810059
259.538 93.3357 259.65 72.461 297.462 72.6643 297.35 93.539 SMV 0.798828
301.377 546.228 302.04 566.514 263.623 567.772 262.96 547.486 SMV 0.790527
299.371 398.361 299.748 420.42 257.629 421.139 257.252 399.08 SMV 0.759277
257.576 19.9369 300.636 19.4086 300.924 42.8756 257.864 43.4039 SMV 0.748047
296.897 340.605 301.088 362.87 261.103 370.395 256.912 348.13 SMV 0.725098
261.263 593.194 261.682 570.01 305.737 570.806 305.318 593.99 SMV 0.716797
261.099 93.7893 300.167 98.9408 296.901 123.711 257.833 118.559 SMV 0.689453
300.382 242.637 300.738 263.462 262.618 264.113 262.262 243.288 SMV 0.677246
79.5294 308.902 146.899 313.091 145.096 342.098 77.7257 337.909 LMV 0.662109
303.639 216.398 304.564 236.752 258.361 238.852 257.436 218.498 SMV 0.649902
262.163 617.877 262.855 593.856 306.837 595.123 306.145 619.144 SMV 0.640625
14.3223 26.0869 69.7595 26.257 69.6777 52.9131 14.2405 52.743 LMV 0.625
4.40267 254.396 63.1186 258.272 61.3473 285.104 2.63138 281.228 LMV 0.606445
259.56 0.533718 302.115 -0.249477 302.44 17.4038 259.885 18.187 SMV 0.59375
15.7839 -0.265002 71.282 0.203307 71.0911 22.8275 15.593 22.3592 LMV 0.586914
262.563 500.692 303.424 499.627 303.937 519.308 263.076 520.373 SMV 0.581055
302.275 265.85 302.349 287.506 260.225 287.65 260.151 265.994 SMV 0.580078
260.338 118.48 300.079 120.86 298.662 144.52 258.921 142.14 SMV 0.576172
311.339 -0.835345 334.656 -0.102191 334.161 15.6322 310.844 14.8991 SMV 0.538574
14.2957 62.3256 71.1556 63.6342 70.5793 88.6744 13.7194 87.3658 LMV 0.532227
299.035 187.828 305.149 212.632 267.465 221.922 261.351 197.118 SMV 0.480469
16.7651 26.8125 71.1708 27.0628 71.0474 53.875 16.6417 53.6247 SMV 0.381348
6.65826 98.1228 69.5406 96.3866 70.2167 120.877 7.33445 122.613 LMV 0.345703
