396.018 34.5873 410.574 50.5374 379.482 78.9127 364.926 62.9626 SMV 0.882812
316.81 378.365 331.471 395.678 290.19 430.635 275.529 413.322 LMV 0.84082
487.461 72.1526 507.25 98.4823 456.039 136.972 436.25 110.643 AFV 0.836914
263.743 300.133 280.865 321.172 222.257 368.867 205.135 347.828 LMV 0.797852
303.236 353.426 316.696 373.221 274.264 402.074 260.804 382.279 LMV 0.793945
478.223 454.543 503.701 507.064 482.277 517.457 456.799 464.936 LMV 0.787109
286.532 330.203 301.24 349.952 232.968 400.797 218.26 381.048 LMV 0.750977
593.479 394.757 615.56 445.607 594.521 454.743 572.44 403.893 LMV 0.75
561.897 310.355 594.295 355.725 574.103 370.145 541.705 324.775 LMV 0.725098
543.824 164.185 559.199 192.96 498.176 225.565 482.801 196.79 MCV 0.714844
615.407 589.69 637.711 635.554 615.593 646.31 593.289 600.446 LMV 0.706543
554.078 414.659 579.508 462.367 558.922 473.341 533.492 425.633 LMV 0.700684
514.43 434.581 543.462 482.322 523.57 494.419 494.538 446.678 LMV 0.69873
206.965 221.77 224.15 244.427 154.535 297.23 137.35 274.573 LMV 0.683594
227.052 245.922 243.221 266.562 164.698 328.078 148.529 307.438 LMV 0.683594
358.283 412.115 371.315 428.801 334.717 457.385 321.685 440.699 SMV 0.592773
461.962 401.525 482.958 444.168 463.038 453.975 442.042 411.332 LMV 0.569824
135.181 237.751 155.005 264.289 94.8194 309.249 74.9949 282.711 LMV 0.568359
630.506 373.383 652.726 425.669 630.494 435.117 608.274 382.831 LMV 0.562012
227.859 244.992 245.384 267.228 142.891 348.008 125.366 325.772 LMV 0.46582
134.193 239.111 152.386 263.94 88.3067 310.889 70.1144 286.06 MCV 0.454102
330.984 395.218 347.786 415.06 298.516 456.782 281.714 436.94 LMV 0.411621
628.71 372.447 650.452 422.251 630.29 431.053 608.548 381.249 SMV 0.338867
462.037 400.215 481.773 442.25 461.463 451.785 441.727 409.75 SMV 0.291992
356.352 410.928 372.707 429.587 335.648 462.072 319.293 443.413 LMV 0.290039
147.556 303.575 162.442 325.838 116.694 356.425 101.808 334.162 LMV 0.270264
