570.616 91.6761 586.735 94.4721 581.384 125.324 565.265 122.528 SMV 0.93457
579.705 50.2313 595.818 53.2315 590.295 82.8937 574.182 79.8935 SMV 0.931641
552.725 87.4371 569.769 89.8838 565.275 121.188 548.231 118.741 SMV 0.920898
561.072 45.5486 576.776 48.5718 570.928 78.9514 555.224 75.9282 SMV 0.898438
614.501 56.7383 631.052 60.1872 624.499 91.6367 607.948 88.1878 SMV 0.896484
590.493 94.1232 608.203 97.2509 602.507 129.502 584.797 126.374 SMV 0.866211
626.512 102.631 643.46 105.397 638.488 135.869 621.54 133.103 SMV 0.861328
531.01 83.5038 549.312 85.974 544.99 117.996 526.688 115.526 SMV 0.823242
608.591 99.2977 625.364 101.969 620.409 133.077 603.636 130.406 SMV 0.806641
541.402 41.1694 558.579 44.5175 552.598 75.2056 535.421 71.8575 SMV 0.724121
631.596 67.861 644.679 70.058 640.404 95.514 627.321 93.317 SMV 0.692871
521.835 37.1469 539.658 39.7765 535.165 70.2281 517.342 67.5985 SMV 0.575195
