70.7972 412.496 72.7196 477.03 40.0153 478.004 38.0929 413.47 AFV 0.9375
106.029 405.191 110.343 474.682 76.0965 476.809 71.782 407.318 AFV 0.9375
109.531 477.964 111.576 540.461 78.7188 541.536 76.6738 479.039 AFV 0.9375
594.63 287.878 605.632 355.362 573.37 360.622 562.368 293.138 AFV 0.928711
45.1629 564.383 50.9659 629.876 20.0246 632.617 14.2216 567.124 AFV 0.927734
35.0938 411.747 38.7906 476.392 6.24998 478.253 2.55318 413.608 AFV 0.923828
81.0209 564.606 85.6432 628.032 53.2291 630.394 48.6068 566.968 AFV 0.918945
111.172 470.866 111.328 407.054 144.203 407.134 144.047 470.946 AFV 0.917969
457.353 295.509 462.719 361.165 428.147 363.991 422.781 298.335 AFV 0.917969
38.7007 479.741 41.9738 543.532 8.29933 545.259 5.02621 481.468 AFV 0.916992
147.551 477.561 149.831 538.174 116.199 539.439 113.919 478.826 AFV 0.916016
174.139 317.813 177.383 383.545 144.111 385.187 140.867 319.455 AFV 0.910156
139.424 321.904 140.291 383.148 108.701 383.596 107.834 322.352 AFV 0.908203
73.7931 479.687 76.2149 544.079 43.3944 545.313 40.9726 480.921 AFV 0.908203
239.775 304.465 245.501 369.087 212.225 372.035 206.499 307.413 AFV 0.908203
381.956 298.634 386.048 363.505 356.544 365.366 352.452 300.495 AFV 0.90625
99.6506 320.137 101.889 379.658 69.8494 380.863 67.6108 321.342 AFV 0.904297
309.451 302.155 319.481 373.264 290.549 377.345 280.519 306.236 AFV 0.902344
182.068 401.285 185.933 470.051 147.432 472.215 143.567 403.449 AFV 0.902344
206.056 310.874 210.866 376.009 182.194 378.126 177.384 312.991 AFV 0.897461
116.822 560.555 122.201 628.844 89.1782 631.445 83.7991 563.156 AFV 0.889648
433.926 457.841 434.915 527.709 403.074 528.159 402.085 458.291 AFV 0.889648
24.5159 321.279 31.9205 380.443 1.7341 384.221 -5.67048 325.057 AFV 0.886719
63.1871 315.589 66.4605 383.26 32.3129 384.911 29.0395 317.24 AFV 0.886719
430.484 383.729 432.373 445.137 395.516 446.271 393.627 384.863 AFV 0.882812
419 298.098 423.425 363.198 391 365.402 386.575 300.302 AFV 0.875
320.431 384.111 324.737 447.465 289.069 449.889 284.763 386.535 AFV 0.874023
183.262 471.378 188.356 536.053 155.738 538.622 150.644 473.947 AFV 0.833496
10.5255 572.813 15.6473 630.618 -2.06456 632.187 -7.18636 574.382 AFV 0.514648
-2.49546 490.895 9.97021 490.618 11.1595 544.105 -1.30614 544.382 AFV 0.383301
