562.719 55.5442 602.766 56.65 602.281 74.2058 562.234 73.1001 CV 0.878906
562.716 8.3524 604.168 10.3565 603.284 28.6476 561.832 26.6435 CV 0.87793
486.546 20.0692 486.672 40.0375 439.454 40.3371 439.328 20.3687 CV 0.861328
479.287 -2.67791 480.17 16.7708 438.713 18.6545 437.83 -0.794216 CV 0.827148
615.975 118.331 640.349 120.091 639.025 138.419 614.651 136.659 CV 0.814453
607.607 10.86 638.906 11.7725 638.393 29.39 607.094 28.4775 CV 0.792969
611.739 61.1781 639.861 62.1921 639.261 78.8219 611.139 77.8079 CV 0.788086
440.337 65.388 494.667 64.18 495.163 86.487 440.833 87.695 CV 0.787109
445.749 92.15 489.995 91.5393 490.251 110.1 446.005 110.711 CV 0.757324
461.138 465.076 494.918 466.553 491.862 536.424 458.082 534.947 AFV 0.736328
603.3 35.465 639.717 37.4217 638.7 56.3475 602.283 54.3908 CV 0.731934
54.6081 250.132 79.483 250.056 79.6419 301.868 54.767 301.944 MCV 0.720215
437.479 132.406 437.811 114.034 489.521 114.969 489.189 133.341 CV 0.669434
443.712 61.2399 443.757 42.7087 490.288 42.8226 490.243 61.3538 CV 0.652344
243.214 458.929 280.288 460.863 276.286 537.571 239.212 535.637 AFV 0.635254
244.01 262.91 277.086 264 274.99 327.59 241.914 326.5 LMV 0.539551
129.383 486.872 166.86 488.166 164.617 553.128 127.14 551.834 LMV 0.477539
177.594 252.142 203.964 254.025 200.156 307.358 173.786 305.475 SMV 0.416748
355.957 460.546 390.807 461.882 388.043 533.954 353.193 532.618 AFV 0.406006
606.339 -0.271737 636.971 0.949774 636.661 8.70142 606.029 7.47991 CV 0.389648
90.6191 254.822 118.336 255.119 117.756 309.178 90.0388 308.881 LMV 0.384521
394.399 459.617 430.435 460.999 427.601 534.883 391.565 533.501 AFV 0.382812
242.347 459.824 280.595 462.056 276.153 538.176 237.905 535.944 LMV 0.378662
564.178 -2.94593 604.364 -0.663685 603.822 8.88343 563.636 6.60118 CV 0.347412
283.109 472.207 319.521 476.697 309.891 554.793 273.479 550.303 AFV 0.281006
354.454 461.071 391.002 462.081 389.046 532.929 352.498 531.919 MCV 0.269287
427.298 464.62 459.868 465.869 457.202 535.38 424.632 534.131 MCV 0.257324
281.251 474.91 315.854 478.104 308.749 555.09 274.146 551.896 MCV 0.25708
4.5938 252.839 27.0391 254.407 23.5625 304.161 1.11718 302.593 MCV 0.250488
