0.818009 133.317 24.2778 132.669 25.5414 178.433 2.08156 179.081 CV 0.879883
107.313 278.759 129.608 278.434 130.312 326.741 108.017 327.066 CV 0.875
76.2248 130.791 98.1923 130.555 98.6502 173.209 76.6827 173.445 CV 0.87207
207.952 442.145 210.949 494.56 188.298 495.855 185.301 443.44 CV 0.864258
261.924 437.445 289.859 437.06 290.576 489.055 262.641 489.44 CV 0.811523
78.3803 277.35 101.71 276.527 103.62 330.65 80.2905 331.473 CV 0.810059
52.07 328.148 77.9449 328.227 77.805 373.852 51.9301 373.773 CV 0.803711
134.799 277.285 159.197 276.668 160.451 326.215 136.053 326.832 CV 0.79248
27.2503 443.854 51.3533 444.408 50.3122 489.646 26.2092 489.092 CV 0.693359
144.412 120.804 169.407 162.731 136.338 182.446 111.343 140.519 CV 0.675293
