251.413 8.75087 271.401 54.1726 252.337 62.5616 232.349 17.1399 CV 0.893555
280.85 3.92451 297.048 38.1614 280.65 45.9192 264.452 11.6823 CV 0.867188
229.519 18.0694 251.599 68.6474 232.481 76.9931 210.401 26.4151 CV 0.834473
327.064 -2.48284 347.789 -1.465 346.936 15.8891 326.211 14.8712 CV 0.645996
636.044 161.43 645.272 180.935 597.956 203.32 588.728 183.815 MCV 0.44043
79.1765 226.309 123.045 299.406 102.573 311.691 58.7052 238.594 MCV 0.44043
104.076 208.686 139.714 273.396 120.799 283.814 85.1608 219.104 MCV 0.374023
13.1669 326.891 27.7785 355.641 13.0831 363.109 -1.5285 334.359 SMV 0.313721
96.683 195.354 140.563 270.116 120.067 282.146 76.187 207.384 LMV 0.313721
8.05017 377.452 43.8482 468.008 17.1842 478.548 -18.6139 387.992 LMV 0.261719
