492.055 107.919 498.863 125.959 460.445 140.456 453.637 122.416 CV 0.917969
601.739 82.6441 609.77 102.014 571.261 117.981 563.23 98.6112 CV 0.908203
470.769 61.596 478.466 81.5203 435.731 98.029 428.034 78.1047 CV 0.90625
485.541 79.5048 494.716 99.5005 448.959 120.495 439.784 100.5 CV 0.902344
593.128 62.2555 598.969 80.991 560.872 92.8695 555.031 74.134 CV 0.888672
591.57 39.5374 597.398 59.2404 551.43 72.8376 545.602 53.1346 CV 0.870117
555.262 255.269 563.752 274.562 524.738 291.731 516.248 272.438 CV 0.855469
581.867 315.391 591.057 338.64 548.133 355.609 538.943 332.36 CV 0.839355
563.051 279.391 569.121 298.021 528.949 311.109 522.879 292.479 CV 0.825684
545.089 236.073 552.415 254.985 511.912 270.677 504.585 251.765 CV 0.821289
443.643 -7.19263 451.65 10.8611 412.857 28.0676 404.85 10.0139 CV 0.819824
505.717 147.539 512.335 166.644 476.783 178.961 470.165 159.856 CV 0.818359
126.752 406.09 144.852 467.282 117.373 475.41 99.2728 414.218 MCV 0.813477
515.279 172.61 520.779 191.139 483.721 202.14 478.221 183.611 CV 0.808594
537.263 210.805 545.606 230.925 499.737 249.945 491.394 229.825 CV 0.791016
632.893 214.728 650.264 229.249 633.107 249.772 615.736 235.251 CV 0.784668
582.048 19.8704 585.129 37.5729 544.952 44.5671 541.871 26.8646 CV 0.523438
626.638 522.421 651.766 535.262 640.362 557.579 615.234 544.738 CV 0.489258
403.032 -7.95621 423.237 -1.89894 418.468 14.0109 398.263 7.95363 CV 0.413574
60.4898 235.287 89.5399 301.303 65.8852 311.713 36.8351 245.697 LMV 0.383301
59.8163 229.634 89.0421 297.482 64.9337 307.866 35.7079 240.018 MCV 0.28125
