353.841 408.677 376.246 408.419 376.659 444.323 354.254 444.581 CV 0.926758
425.936 201.984 445.513 202.796 444.064 237.766 424.487 236.954 CV 0.919922
581.398 316.496 603.332 316.917 602.602 355.004 580.668 354.583 CV 0.90625
396.689 404.399 418.327 404.698 417.811 442.101 396.173 441.802 CV 0.90625
61.0787 599.42 84.6608 600.162 83.4213 639.58 59.8392 638.838 CV 0.904297
68.0157 493.273 92.2321 493.607 91.6093 538.727 67.3929 538.393 CV 0.902344
615.09 522.08 635.618 522.458 634.91 560.92 614.382 560.542 CV 0.901367
525.203 515.123 546.124 515.316 545.797 550.877 524.876 550.684 CV 0.900391
228.552 301.645 248.144 301.359 248.698 339.355 229.106 339.641 CV 0.900391
436.459 408.333 459.168 408.995 458.041 447.667 435.332 447.005 CV 0.898438
250.581 300.763 273.549 300.551 273.919 340.737 250.951 340.949 CV 0.897461
373.439 511.632 392.645 510.925 394.061 549.368 374.855 550.075 CV 0.888672
592.744 517.631 612.452 518.644 610.256 561.369 590.548 560.356 CV 0.888672
267.343 401.507 289.905 401.369 290.157 442.493 267.595 442.631 CV 0.886719
404.074 197.007 424.41 197.569 423.426 233.243 403.09 232.681 CV 0.885742
68.7188 390.5 92.7812 390.5 92.7812 428 68.7188 428 CV 0.884766
137.81 396.89 158.998 396.923 158.94 434.61 137.752 434.577 CV 0.884766
393.264 509.73 412.7 509.461 413.236 548.27 393.8 548.539 CV 0.884766
207.945 299.857 227.678 299.676 228.055 340.643 208.322 340.824 CV 0.883789
414.549 511.117 434.862 511.07 434.951 549.883 414.638 549.93 CV 0.883789
506.249 414.793 526.091 415.006 525.751 446.707 505.909 446.494 CV 0.882812
216.185 193.538 236.574 194.367 235.065 231.462 214.676 230.633 CV 0.879883
238.676 199.284 258.644 199.468 258.324 234.216 238.356 234.032 CV 0.878906
584.061 217.214 605.401 216.822 605.939 246.036 584.599 246.428 CV 0.874023
241.022 600.022 264.053 599.916 264.228 637.978 241.197 638.084 CV 0.869141
188.256 302.763 207.296 302.281 208.244 339.737 189.204 340.219 CV 0.861328
382.331 195.052 403.266 195.919 401.669 234.448 380.734 233.581 CV 0.861328
102.882 595.865 131.053 595.822 131.118 638.135 102.947 638.178 CV 0.860352
478.497 516.97 501.573 517.873 500.003 558.03 476.927 557.127 CV 0.858887
444.734 307.433 466.307 306.953 467.266 350.067 445.693 350.547 CV 0.853027
276.032 206.994 296.782 206.851 296.968 233.756 276.218 233.899 CV 0.848633
402.54 307.058 422.902 305.996 424.96 345.442 404.598 346.504 CV 0.842285
295.369 307.017 315.743 306.798 316.131 342.983 295.757 343.202 CV 0.84082
435.233 511.75 459.138 511.97 458.767 552.25 434.862 552.03 CV 0.839844
115.388 500.416 135.579 499.703 136.987 539.584 116.796 540.297 CV 0.833496
382.05 305.358 400.697 304.786 401.95 345.642 383.303 346.214 CV 0.832031
482.514 409.25 502.764 409.126 502.986 445.25 482.736 445.374 CV 0.832031
608.188 213.011 627.074 212.591 627.812 245.739 608.926 246.159 CV 0.802246
264.87 509.121 286.618 508.82 287.13 545.879 265.382 546.18 CV 0.790527
285.491 500.116 310.288 498.593 313.009 542.884 288.212 544.407 CV 0.782715
313.853 308.703 336.179 308.394 336.647 342.297 314.321 342.606 CV 0.776367
-0.259999 292.773 12.4658 292.636 12.8694 330.227 0.143545 330.364 CV 0.775391
255.496 505.609 271.233 533.094 251.504 544.391 235.767 516.906 CV 0.761719
-1.34946 186.633 18.5782 187.259 17.5057 221.367 -2.42194 220.741 CV 0.755371
166.236 600.369 194.826 599.887 195.514 640.631 166.924 641.113 CV 0.751953
303.322 199.633 326.787 200.029 326.178 236.117 302.713 235.721 CV 0.745605
182.37 498.531 185.29 545.565 154.63 547.469 151.71 500.435 CV 0.725098
444.986 203.875 465.126 203.937 465.014 240.375 444.874 240.313 CV 0.695312
76.9155 290.436 104.037 289.979 105.084 352.064 77.9634 352.521 CV 0.685059
518.205 222.869 537.2 223.276 536.795 242.131 517.8 241.724 CV 0.617188
540.463 226.131 559.339 226.869 558.537 247.369 539.661 246.631 CV 0.586914
494.288 224.302 513.35 224.448 513.212 242.448 494.15 242.302 CV 0.560059
132.212 183.795 154.81 184.506 153.538 224.955 130.94 224.244 CV 0.452148
142.192 499.903 162.93 507.88 151.308 538.097 130.57 530.12 CV 0.409912
562.079 222.891 581.954 222.922 581.921 244.609 562.046 244.578 CV 0.326904
