524.226 60.6945 529.188 103.03 509.774 105.305 504.812 62.9704 CV 0.885742
303.344 70.8281 326.156 70.8281 326.156 116.422 303.344 116.422 CV 0.882812
292.99 -1.62344 314.59 -0.977262 314.01 18.4047 292.41 17.7585 CV 0.876953
318.387 -0.829707 342.056 0.114131 341.113 23.7672 317.444 22.8234 CV 0.874023
350.875 76.8444 372.063 76.8119 372.125 117.031 350.937 117.063 CV 0.867188
328.176 70.9749 349.489 71.0566 349.324 114.025 328.011 113.943 CV 0.857422
565.216 55.2529 570.629 95.3265 551.784 97.8721 546.371 57.7985 CV 0.856445
544.299 56.6089 549.091 97.4853 530.701 99.6411 525.909 58.7647 CV 0.851562
372.805 71.8221 394.742 71.5866 395.195 113.803 373.258 114.038 CV 0.845215
146.041 14.1852 181.966 15.1497 181.459 34.0335 145.534 33.0691 CV 0.837891
396.205 70.9419 415.824 70.4454 416.795 108.808 397.176 109.305 CV 0.833496
411.799 -0.253648 433.267 -0.105498 433.201 9.51146 411.733 9.36331 CV 0.830078
457.545 67.1907 460.491 107.615 438.955 109.184 436.009 68.7603 CV 0.829102
392.891 -0.359375 408.109 -0.359375 408.109 12.5156 392.891 12.5156 CV 0.800781
266.756 -1.08808 285.504 -0.800558 285.244 16.1037 266.496 15.8162 CV 0.77832
146.571 -2.00565 181.084 -0.894074 180.679 11.6853 146.166 10.5738 CV 0.730469
366.004 0.430035 385.409 0.281238 385.496 11.6637 366.091 11.8125 CV 0.663574
245.088 -0.726681 265.151 -0.742064 265.162 14.1173 245.099 14.1327 CV 0.648926
463.058 0.104387 480.804 -0.263121 480.942 6.37218 463.196 6.73968 CV 0.26709
