514.19 345.493 520.095 370.172 474.81 381.007 468.905 356.328 SMV 0.947266
605.371 592.799 612.654 615.306 566.629 630.201 559.346 607.694 SMV 0.9375
523.243 375.38 529.317 397.838 485.757 409.62 479.683 387.162 SMV 0.928711
531.706 404.48 537.18 427.655 493.294 438.02 487.82 414.845 SMV 0.918945
586.038 537.437 593.098 559.327 548.962 573.563 541.902 551.673 SMV 0.917969
538.558 432.013 544.732 453.113 502.442 465.487 496.268 444.387 SMV 0.917969
577.17 509.447 583.461 531.587 537.83 544.553 531.539 522.413 SMV 0.917969
561.749 485.104 566.913 506.779 520.251 517.896 515.087 496.221 SMV 0.917969
441.653 458.866 447.82 480.732 403.847 493.134 397.68 471.268 SMV 0.90918
488.906 573.003 496.366 595.453 452.594 609.997 445.134 587.547 SMV 0.908203
478.923 540.601 486.067 562.677 440.577 577.399 433.433 555.323 SMV 0.899414
431.036 430.556 437.24 451.305 394.964 463.944 388.76 443.195 SMV 0.896484
635.564 309.339 643.472 332.313 597.436 348.161 589.528 325.187 SMV 0.876953
422.952 398.225 429.599 420.455 385.048 433.775 378.401 411.545 SMV 0.862305
550.928 456.997 557.296 480.542 513.072 492.503 506.704 468.958 SMV 0.860352
505.339 615.009 512.285 637.753 465.661 651.991 458.715 629.247 SMV 0.841309
615.515 620.999 620.081 638.846 576.485 650.001 571.919 632.154 SMV 0.794434
627.78 408.692 644.801 423.192 630.22 440.308 613.199 425.808 SMV 0.722656
632.776 435.334 648.799 452.267 636.224 464.166 620.201 447.233 SMV 0.376465
