345.411 123.056 371.495 123.776 370.089 174.694 344.005 173.974 CV 0.917969
237.174 574.352 263.891 576.611 259.576 627.648 232.859 625.389 SMV 0.916016
192.734 467.218 222.785 469.551 218.266 527.782 188.215 525.449 SMV 0.916016
549.05 154.892 573.603 157.748 567.95 206.358 543.397 203.502 CV 0.910156
266.142 479.224 297.895 482.006 293.358 533.776 261.605 530.994 SMV 0.904297
295.325 582.648 322.83 584.422 319.675 633.352 292.17 631.578 SMV 0.904297
419.932 131.213 445.588 132.473 443.068 183.787 417.412 182.527 CV 0.898438
472.307 142.008 496.817 143.344 494.193 191.492 469.683 190.156 CV 0.886719
266.422 578.277 293.736 580.882 289.078 629.723 261.764 627.118 SMV 0.885742
374.478 124.039 398.013 125.177 395.522 176.711 371.987 175.573 CV 0.884766
591.098 163.657 615.934 165.526 611.902 219.093 587.066 217.224 CV 0.87793
522.492 146.976 545.162 150.143 538.508 197.774 515.838 194.607 CV 0.876953
499.145 140.756 520.021 141.878 517.355 191.494 496.479 190.372 CV 0.875
157.863 464.191 188.022 466.532 183.887 519.809 153.728 517.468 SMV 0.873047
207.604 570.876 234.342 572.086 231.896 626.124 205.158 624.914 SMV 0.867188
620.337 165.727 642.191 167.238 638.663 218.273 616.809 216.762 CV 0.865723
77.6811 450.445 108.8 451.066 107.694 506.555 76.5751 505.934 SMV 0.850586
292.209 -1.73611 316.786 -0.472698 315.791 18.8924 291.214 17.6289 CV 0.845215
149.974 563.776 177.661 565.093 175.276 615.224 147.589 613.907 SMV 0.84375
618.101 13.3758 641.86 14.707 638.899 67.5617 615.14 66.2305 CV 0.830078
120.309 257.615 183.075 271.046 175.941 304.385 113.175 290.954 CV 0.829102
571.893 157.348 592.993 158.887 589.107 212.152 568.007 210.613 CV 0.814453
69.4742 554.627 112.946 557.43 107.276 645.373 63.8036 642.57 LMV 0.797852
340.1 588.81 368.034 592.081 362.4 640.19 334.466 636.919 SMV 0.796875
178.921 568.408 204.921 569.965 201.829 621.592 175.829 620.035 SMV 0.789062
367.803 594.316 398.526 597.53 393.697 643.684 362.974 640.47 SMV 0.763672
338.851 493.353 367.152 496.578 360.649 553.647 332.348 550.422 SMV 0.728027
363.121 500.82 393.869 504.086 387.379 565.18 356.631 561.914 SMV 0.693359
458.482 609.872 492.717 612.607 490.518 640.128 456.283 637.393 SMV 0.355713
-0.0156956 379.855 17.5284 381.175 11.7344 458.145 -5.80967 456.825 LMV 0.316162
362.736 500.128 394.643 503.865 387.264 566.872 355.357 563.135 LMV 0.272461
