104.598 594.672 149.146 600.579 146.527 620.328 101.979 614.421 CV 0.945312
106.321 571.693 152.122 574.294 150.929 595.307 105.128 592.706 CV 0.943359
236.235 498.815 276.22 501.301 275.015 520.685 235.03 518.199 CV 0.942383
536.254 387.673 555.332 391.057 547.746 433.827 528.668 430.443 CV 0.933594
231.194 521.062 271.524 526.445 269.056 544.938 228.726 539.555 CV 0.931641
233.416 474.535 277.961 478.093 276.334 498.465 231.788 494.907 CV 0.928711
113.32 527.522 159.216 532.111 157.18 552.478 111.284 547.889 CV 0.925781
228.051 585.399 266.471 587.876 265.199 607.601 226.779 605.124 CV 0.921875
86.9376 407.836 126.888 413.228 124.062 434.164 84.1121 428.772 CV 0.921875
100.786 615.575 146.373 621.728 143.714 641.425 98.1275 635.272 CV 0.917969
131.525 396.712 171.261 401.024 169.225 419.788 129.489 415.476 CV 0.915039
573.529 556.413 595.929 558.688 591.471 602.587 569.071 600.312 CV 0.915039
471.816 491.466 492.061 493.476 488.184 532.534 467.939 530.524 CV 0.908203
618.218 566.062 639.16 568.156 634.782 611.938 613.84 609.844 CV 0.908203
443.937 537.143 462.986 539.018 459.063 578.857 440.014 576.982 CV 0.90625
201.689 234.908 221.703 238.887 213.311 281.092 193.297 277.113 CV 0.905273
598.956 395.188 619.371 397.214 615.044 440.812 594.629 438.786 CV 0.904297
490.689 378.309 510.484 380.412 506.311 419.691 486.516 417.588 CV 0.904297
623.086 400.958 641.47 403.411 635.914 445.042 617.53 442.589 CV 0.899414
557.658 389.937 575.799 392.657 570.342 429.063 552.201 426.343 CV 0.898438
463.724 538.164 484.177 540.288 480.276 577.836 459.823 575.712 CV 0.898438
75.0399 477.691 118.198 484.059 115.21 504.309 72.0523 497.941 CV 0.897461
450.209 489.842 469.634 492.026 465.291 530.658 445.866 528.474 CV 0.897461
580.307 394.999 598.959 397.328 593.693 439.501 575.041 437.172 CV 0.895508
582.818 510.516 602.551 513.01 597.182 555.484 577.449 552.99 CV 0.895508
538.171 501.047 557.92 502.64 554.829 540.953 535.08 539.36 CV 0.889648
514.162 383.743 532.667 385.709 528.838 421.757 510.333 419.791 CV 0.889648
606.41 514.97 623.815 517.319 618.59 556.03 601.185 553.681 CV 0.885742
134.881 373.041 176.409 377.905 174.119 397.459 132.591 392.595 CV 0.882812
49.2427 606.782 95.3182 611.46 93.0073 634.218 46.9318 629.54 CV 0.882812
493.556 494.359 512.64 496.193 508.944 534.641 489.86 532.807 CV 0.874023
485.356 539.905 505.803 541.76 502.144 582.095 481.697 580.24 CV 0.874023
428.547 481.966 448.215 484.606 442.453 527.534 422.785 524.894 CV 0.870117
-1.74893 344.329 22.1747 345.798 21.0771 363.671 -2.84662 362.202 CV 0.866211
626.001 519.401 644.334 522.206 637.999 563.599 619.666 560.794 CV 0.860352
91.2972 367.593 131.599 370.907 130.078 389.407 89.7762 386.093 CV 0.845703
471.774 371.588 491.028 373.887 486.726 409.912 467.472 407.613 CV 0.842773
509.131 547.687 528.369 549.373 524.87 589.313 505.631 587.627 CV 0.84082
530.458 549.95 550.373 552.374 545.542 592.05 525.627 589.626 CV 0.84082
450.162 366.615 468.333 368.883 463.838 404.885 445.667 402.617 CV 0.826172
422.383 532.635 442.794 534.172 439.617 576.365 419.206 574.828 CV 0.800781
135.914 348.614 182.317 353.759 180.086 373.886 133.683 368.741 CV 0.757324
-2.10526 411.223 13.9999 411.594 13.5584 430.777 -2.54673 430.406 CV 0.703125
98.1709 341.73 134.844 344.547 133.329 364.27 96.6559 361.453 CV 0.647949
553.484 552.946 573.777 555.369 569.516 591.054 549.223 588.631 CV 0.634766
45.2554 630.236 86.498 633.913 85.6196 643.764 44.377 640.087 CV 0.569824
518.202 502.305 536.682 503.881 533.798 537.695 515.318 536.119 CV 0.476562
