260.46 416.778 268.116 503.19 239.54 505.722 231.884 419.31 MCV 0.839355
222.096 118.166 241.424 118.937 239.404 169.584 220.076 168.813 MCV 0.724121
410.106 434.902 435.979 441.445 420.894 501.098 395.021 494.555 MCV 0.719238
363.14 413.981 386.552 416.904 378.36 482.519 354.948 479.596 MCV 0.697266
362.452 283.058 429.746 284.607 429.048 314.942 361.754 313.393 LMV 0.605469
289.864 415.704 294.517 472.64 268.136 474.796 263.483 417.86 MCV 0.568848
180.858 496.646 182.68 417.292 207.142 417.854 205.32 497.208 MCV 0.484863
389.746 425.23 411.444 430.821 396.254 489.77 374.556 484.179 MCV 0.480469
408.558 207.009 409.297 236.688 346.942 238.241 346.203 208.562 LMV 0.346924
0.1155 466.545 17.4253 466.24 17.7907 486.955 0.480943 487.26 CV 0.31958
221.194 117.892 240.437 118.408 239.056 169.858 219.813 169.342 LMV 0.287109
362.477 415.627 385.954 418.778 378.023 477.873 354.546 474.722 LMV 0.285156
340.208 190.384 340.945 209.98 290.792 211.866 290.055 192.27 LMV 0.252686
