70.9351 453.54 88.2965 457.158 80.3149 495.46 62.9535 491.842 CV 0.912109
480.202 163.701 500.176 202.625 482.298 211.799 462.324 172.875 CV 0.876953
452.914 351.75 474.153 386.674 457.586 396.75 436.347 361.826 CV 0.861328
340.182 229.038 360.887 271.719 341.318 281.212 320.613 238.531 CV 0.860352
413.12 370.363 436.806 411.824 417.88 422.637 394.194 381.176 CV 0.856445
438.255 184.492 454.928 217.942 438.245 226.258 421.572 192.808 CV 0.84375
396.888 202.637 416.415 241.717 399.112 250.363 379.585 211.283 CV 0.828613
513.864 132.842 534.377 173.106 515.136 182.908 494.623 142.644 CV 0.828613
340.888 421.029 361.844 459.612 344.612 468.971 323.656 430.388 CV 0.784668
320.836 429.365 336.528 463.045 319.164 471.135 303.472 437.455 CV 0.784668
458.112 176.701 475.569 215.244 458.888 222.799 441.431 184.256 CV 0.716797
375.722 561.971 394.255 595.466 378.778 604.029 360.245 570.534 CV 0.705566
298.061 441.129 320.208 478.278 302.439 488.871 280.292 451.722 CV 0.550781
95.2147 354.564 104.134 371.376 71.0353 388.936 62.1159 372.124 CV 0.373047
