106.463 231.041 117.179 267.271 38.787 290.459 28.0705 254.229 AFV 0.911133
79.8182 142.693 90.7628 178.658 13.8693 202.057 2.92471 166.092 AFV 0.908203
135.552 324.382 147.409 360.419 70.823 385.618 58.966 349.581 AFV 0.90625
96.7275 183.841 107.689 219.736 27.71 244.159 16.7486 208.264 AFV 0.898438
188.263 482.822 198.484 521.817 116.987 543.178 106.766 504.183 AFV 0.893555
125.18 280.217 135.259 318.215 53.9453 339.783 43.8664 301.785 AFV 0.890625
63.8471 91.1138 77.058 127.077 5.77785 153.261 -7.43304 117.298 AFV 0.886719
166.419 420.658 179.229 459.21 100.581 485.342 87.7715 446.79 AFV 0.883789
210.461 524.501 221.346 562.666 141.289 585.499 130.404 547.334 AFV 0.865723
221.244 580.025 233.617 620.684 150.506 645.975 138.133 605.316 AFV 0.845703
44.5052 44.8511 61.5333 78.6824 2.2448 108.524 -14.7833 74.6926 AFV 0.837891
-0.0899954 -0.213579 36.2146 4.12112 31.465 43.9011 -4.83964 39.5664 AFV 0.683594
