231.918 546.886 247.294 565.779 206.332 599.114 190.956 580.221 CV 0.931641
293.774 389.366 307.586 407.049 265.226 440.134 251.414 422.451 CV 0.931641
340.499 453.562 354.044 470.057 314.001 502.938 300.456 486.443 CV 0.924805
545.595 270.058 558.845 286.651 518.405 318.942 505.155 302.349 CV 0.905273
487.431 222.753 501.993 239.781 462.569 273.497 448.007 256.469 CV 0.895508
287.98 257.319 302.034 276.075 258.52 308.681 244.466 289.925 CV 0.89502
276.892 222.178 290.824 240.714 246.108 274.322 232.176 255.786 CV 0.857422
128.07 527.704 143.483 545.236 99.0553 584.296 83.642 566.764 CV 0.813477
552.337 -16.5212 566.593 3.44262 520.663 36.24 506.407 16.2761 CV 0.810547
233.874 483.719 254.145 507.421 209.876 545.281 189.605 521.579 CV 0.727051
176.924 532.028 198.396 557.21 67.326 668.972 45.8537 643.79 CV 0.64502
7.48406 439.767 28.4219 453.11 8.90657 483.733 -12.0312 470.39 CV 0.459473
631.71 199.18 641.319 199.195 641.29 218.32 631.681 218.305 CV 0.419678
214.697 495.057 238.303 521.988 108.303 635.943 84.6966 609.012 CV 0.326172
