227.578 61.659 235.093 77.1511 200.172 94.091 192.657 78.5989 CV 0.918945
61.6569 600.858 83.4646 602.113 81.2181 641.142 59.4104 639.887 CV 0.910156
269.76 136.034 278.012 153.478 239.99 171.466 231.738 154.022 CV 0.910156
40.5875 547.23 63.0275 548.366 60.475 598.77 38.035 597.634 CV 0.892578
248.797 106.385 257.094 121.276 223.953 139.74 215.656 124.849 CV 0.880859
150.969 499.031 171.281 499.031 171.281 534.969 150.969 534.969 CV 0.871582
238.318 83.7944 244.782 99.8715 211.932 113.081 205.468 97.0035 CV 0.847168
403.387 604.71 422.942 639.173 405.113 649.29 385.558 614.827 SMV 0.821289
445.063 584.534 465.505 620.074 447.437 630.466 426.995 594.926 SMV 0.791016
426.179 593.125 444.309 628.711 426.321 637.875 408.191 602.289 SMV 0.767578
464.482 571.877 483.798 608.113 465.018 618.123 445.702 581.887 SMV 0.707031
380.52 616.74 396.863 637.601 381.98 649.26 365.637 628.399 SMV 0.570312
346.876 627.474 365.073 628.634 364.124 643.526 345.927 642.366 SMV 0.537109
0.142154 625.826 17.734 626.082 17.5141 641.174 -0.0777864 640.918 CV 0.532715
