612.569 90.6603 642.685 93.5086 640.431 117.34 610.315 114.491 CV 0.948242
403.006 554.707 449.689 561.153 446.494 584.293 399.811 577.847 CV 0.935547
613.015 116.463 644.099 120.488 640.985 144.537 609.901 140.512 CV 0.93457
405.108 526.207 455.979 533.389 452.392 558.793 401.521 551.611 CV 0.912109
488.225 65.3491 552.663 75.2102 547.775 107.151 483.337 97.2898 CV 0.898438
621.217 66.7272 642.289 68.2165 640.783 89.5228 619.711 88.0335 CV 0.89502
399.779 580.342 447.436 586.071 444.721 608.658 397.064 602.929 CV 0.894531
470.433 223.879 525.082 230.618 521.567 259.121 466.918 252.382 CV 0.893555
561.512 577 622.551 588.898 616.488 620 555.449 608.102 CV 0.893555
484.791 128.072 532.903 135.736 529.209 158.928 481.097 151.264 CV 0.892578
486.32 104.373 544.34 113.201 540.68 137.252 482.66 128.424 CV 0.892578
195.439 88.1124 222.835 93.428 213.311 142.513 185.915 137.197 SMV 0.858887
479.9 178.256 520.708 184.69 516.6 210.744 475.792 204.31 CV 0.851562
501.797 619.411 551.074 628.424 547.203 649.589 497.926 640.576 CV 0.811523
433.274 390.581 484.922 406.767 476.726 432.919 425.078 416.733 CV 0.79541
559.588 375.971 606.173 385.087 600.412 414.529 553.827 405.413 CV 0.734863
265.803 101.209 293.126 105.176 285.197 159.791 257.874 155.824 SMV 0.645996
601.277 383.875 645.661 390.491 640.723 423.625 596.339 417.009 CV 0.399414
430.364 420.074 482.938 430.149 477.136 460.426 424.562 450.351 CV 0.265137
