45.1826 393.749 50.7932 431.395 31.6299 434.251 26.0193 396.605 CV 0.832031
247.776 209.553 279.682 279.631 256.474 290.197 224.568 220.119 MCV 0.789062
69.8114 601.892 81.5753 621.801 40.4386 646.108 28.6747 626.199 CV 0.712402
223.998 221.586 261.433 292.146 239.252 303.914 201.817 233.354 MCV 0.59082
117.799 198.095 144.201 239.929 122.451 253.655 96.0492 211.821 AFV 0.425781
200.883 239.467 216.851 273.052 201.117 280.533 185.149 246.948 MCV 0.387695
638.786 74.2793 652.509 95.2884 608.214 124.221 594.491 103.212 LMV 0.328857
116.072 -2.92766 132.023 -1.67796 130.928 12.2948 114.977 11.0451 CV 0.301758
-0.460147 434.293 12.8056 435.805 9.96796 460.707 -3.29775 459.195 CV 0.299805
560.842 -7.1193 581.01 20.4079 567.158 30.5568 546.99 3.02958 SMV 0.251221
