396.804 497.635 433.356 506.816 428.696 525.365 392.144 516.184 CV 0.935547
472.857 611.703 510.61 624.044 504.643 642.297 466.89 629.956 CV 0.931641
507.292 508.306 548.128 520.418 542.708 538.694 501.872 526.582 CV 0.919922
454.013 378.849 487.913 389.701 482.487 406.651 448.587 395.799 CV 0.917969
485.277 568.616 521.475 580.781 515.223 599.384 479.025 587.219 CV 0.914062
458.694 357.101 493.167 368.109 487.806 384.899 453.333 373.891 CV 0.914062
477.245 315.11 511.074 326.277 505.755 342.39 471.926 331.223 CV 0.912109
403.378 474.453 440.114 484.766 435.122 502.547 398.386 492.234 CV 0.911133
469.841 336.669 503.486 346.087 498.659 363.331 465.014 353.913 CV 0.908203
614.109 282.806 646.504 293.922 639.891 313.194 607.496 302.078 CV 0.896484
606.407 305.391 641.72 317.048 635.593 335.609 600.28 323.952 CV 0.895508
378.549 537.056 411.821 546.178 406.951 563.944 373.679 554.822 CV 0.892578
363.389 582.669 397.929 588.877 394.611 607.331 360.071 601.123 CV 0.890625
518.86 483.328 554.776 496.303 548.14 514.672 512.224 501.697 CV 0.886719
548.846 425.525 584.36 437.374 578.154 455.975 542.64 444.126 CV 0.883789
488.979 295.158 524.583 307.893 518.521 324.842 482.917 312.107 CV 0.880859
491.681 549.036 530.006 560.271 524.819 577.964 486.494 566.729 CV 0.879883
506.522 256.3 544.271 267.276 538.478 287.2 500.729 276.224 CV 0.873047
501.712 527.796 538.818 541.428 532.288 559.204 495.182 545.572 CV 0.861328
422.362 435.372 458.935 447.198 453.138 465.128 416.565 453.302 CV 0.858398
424.955 414.338 466.594 425.068 461.545 444.662 419.906 433.932 CV 0.819824
455.153 583.517 488.348 593.029 483.347 610.483 450.152 600.971 CV 0.740234
