110.722 458.44 119.131 474.214 83.7775 493.06 75.3692 477.286 CV 0.916016
91.4347 427.952 98.3414 444.337 63.4403 459.048 56.5336 442.663 CV 0.90625
132.126 561.149 146.794 593.957 131.374 600.851 116.706 568.043 CV 0.902344
142.975 524.501 149.614 539.709 118.025 553.499 111.386 538.291 CV 0.899414
77.7486 406.798 85.0789 423.066 50.3764 438.702 43.0461 422.434 CV 0.893555
78.6886 592.234 95.1531 627.035 78.8114 634.766 62.3469 599.965 CV 0.876953
103.668 574.85 115.063 607.744 99.4575 613.15 88.0618 580.256 CV 0.854492
58.2674 609.408 71.8047 640.835 53.7951 648.592 40.2578 617.165 CV 0.821289
20.6673 623.44 39.317 627.386 35.8952 643.56 17.2455 639.614 CV 0.744629
164.311 202.985 207.871 298.66 177.439 312.515 133.879 216.84 CV 0.694824
496.187 61.2284 510.448 87.3022 419.313 137.147 405.052 111.073 CV 0.300781
