111.7 462.067 148.763 469.555 145.05 487.933 107.987 480.445 CV 0.929688
85.8982 556.6 124.608 566.168 120.102 584.4 81.3917 574.832 CV 0.921875
94.2561 412.794 129.603 418.146 126.869 436.206 91.5217 430.854 CV 0.916016
106.398 483.53 149.979 495.592 144.477 515.47 100.896 503.408 CV 0.914062
92.5014 530.633 132.588 542.522 126.999 561.367 86.9121 549.478 CV 0.912109
66.9945 603.899 106.769 615.295 101.381 634.101 61.6061 622.705 CV 0.911133
108.89 510.257 143.206 521.94 137.485 538.743 103.169 527.06 CV 0.910156
257.684 49.4873 296.563 60.0237 291.316 79.3877 252.437 68.8513 CV 0.902344
380.759 215.772 392.305 232.16 354.241 258.978 342.695 242.59 CV 0.900391
199.054 156.754 207.422 173.061 173.446 190.496 165.078 174.189 CV 0.900391
185.736 91.2599 223.818 105.673 217.264 122.99 179.182 108.577 CV 0.897461
457.75 113.318 475.578 120.241 460.75 158.432 442.922 151.509 CV 0.897461
486.285 153.358 505.498 158.914 493.215 201.392 474.002 195.836 CV 0.886719
82.5138 581.794 116.39 589.948 112.236 607.206 78.36 599.052 CV 0.876953
597.849 588.972 638.713 598.539 634.151 618.028 593.287 608.461 CV 0.876953
415.005 50.7739 434.109 56.9514 419.995 100.601 400.891 94.4236 CV 0.875977
305.69 187.322 316.763 204.165 276.81 230.428 265.737 213.585 CV 0.864258
94.8372 360.216 107.531 394.771 91.1628 400.784 78.4691 366.229 CV 0.861328
338.024 197.61 348.624 213.735 309.976 239.14 299.376 223.015 CV 0.861328
590.681 611.573 632.016 617.445 629.319 636.427 587.984 630.555 CV 0.854492
406.212 229.854 415.799 245.31 379.788 267.646 370.201 252.19 CV 0.845703
