109.581 36.4154 147.377 49.5094 141.419 66.7096 103.623 53.6156 CV 0.923828
93.6377 80.5997 130.829 91.256 125.737 109.025 88.5463 98.369 CV 0.920898
150.987 105.302 197.56 114.64 193.263 136.073 146.69 126.735 CV 0.920898
101.072 58.2424 138.139 69.3248 132.553 88.0076 95.4864 76.9252 CV 0.919922
484.626 528.822 503.064 536.925 485.374 577.178 466.936 569.075 CV 0.916992
104.162 536.203 114.032 551.776 77.7135 574.797 67.8427 559.224 CV 0.914062
448.2 503.838 462.391 512.941 439.8 548.162 425.609 539.059 CV 0.910156
32.2623 345.704 36.2664 363.926 -1.82483 372.296 -5.82886 354.074 CV 0.908203
304.037 281.763 307.599 298.928 269.963 306.737 266.401 289.572 CV 0.904297
181.97 62.0649 218.399 73.7266 212.53 92.0601 176.101 80.3984 CV 0.902344
260.628 439.739 270.957 457.066 230.372 481.261 220.043 463.934 CV 0.901367
385.412 516.281 398.914 531.12 363.088 563.719 349.586 548.88 CV 0.900391
283.879 69.117 319.47 87.0966 311.621 102.633 276.03 84.6534 CV 0.898438
466.767 517.487 482.086 525.552 464.733 558.513 449.414 550.448 CV 0.897461
152.497 182.949 195.448 181.731 196.003 201.301 153.052 202.519 CV 0.897461
183.023 448.025 191.741 465.345 154.727 483.975 146.009 466.655 CV 0.896484
336.66 552.95 350.39 564.395 324.84 595.05 311.11 583.605 CV 0.884766
123.692 16.4561 157.707 28.6226 151.308 46.5127 117.293 34.3461 CV 0.883789
337.024 363.166 343.469 377.93 310.476 392.334 304.031 377.57 CV 0.883789
413.376 609.372 428.453 619.711 408.624 648.628 393.547 638.289 CV 0.874023
523.714 546.27 543.338 553.479 529.286 591.73 509.662 584.521 CV 0.869141
67.017 601.626 78.7237 617.919 43.2955 643.374 31.5888 627.081 CV 0.867188
213.886 359.229 218.299 376.066 179.364 386.271 174.951 369.434 CV 0.864258
303.058 604.381 317.437 617.646 287.942 649.619 273.563 636.354 CV 0.859863
25.788 529.465 32.1458 545.366 -0.787953 558.535 -7.1458 542.634 CV 0.857422
119.185 215.262 120.417 237.197 66.3154 240.238 65.0825 218.303 CV 0.848633
297.922 261.155 301.597 277.881 263.078 286.345 259.403 269.619 CV 0.84375
344.676 380.537 353.194 395.05 321.824 413.463 313.306 398.95 CV 0.836914
504.27 541.312 521.672 548.039 506.73 586.688 489.329 579.961 CV 0.834473
129.436 303.471 131.94 322.715 94.9392 327.529 92.4352 308.285 CV 0.830078
223.955 -8.91949 253.636 -1.8979 249.795 14.3414 220.114 7.31977 CV 0.81543
13.1718 -13.2281 56.2722 1.92772 49.0157 22.564 5.91525 7.40822 CV 0.812012
-1.67849 55.1736 35.4863 61.2377 32.1472 81.7014 -5.01753 75.6373 CV 0.810547
435.274 621.13 451.74 629.8 442.226 647.87 425.76 639.2 CV 0.804688
149.632 389.079 153.377 405.805 117.118 413.921 113.373 397.195 CV 0.772949
51.7575 586.725 60.7782 600.448 30.6175 620.275 21.5968 606.552 CV 0.757324
-0.716008 237.199 21.5963 237.285 21.5129 259.051 -0.799453 258.965 CV 0.612305
318.577 618.829 332.721 630.113 315.923 651.171 301.779 639.887 CV 0.391357
