233.547 125.407 238.077 145.015 197.703 154.343 193.173 134.735 SMV 0.896484
131.245 103.709 137.414 123.291 98.1297 135.666 91.9609 116.084 SMV 0.894531
161.964 57.2416 168.522 76.5984 130.786 89.3834 124.228 70.0266 SMV 0.874023
171.255 85.5811 178.021 104.866 139.745 118.294 132.979 99.0087 SMV 0.864746
248.492 61.2969 266.699 99.1108 246.258 108.953 228.051 71.1392 SMV 0.864258
189.872 139.323 193.759 158.24 155.128 166.177 151.241 147.26 SMV 0.858398
145.488 150.781 149.499 169.561 110.137 177.969 106.126 159.189 SMV 0.858398
493.401 101.076 500.884 124.831 437.099 144.924 429.616 121.169 LMV 0.827637
139.978 128.27 144.696 148.075 106.272 157.23 101.554 137.425 SMV 0.813477
103.446 403.211 111.097 430.34 20.867 455.789 13.2155 428.66 LMV 0.806641
490.2 66.7529 495.769 92.4534 429.8 106.747 424.231 81.0466 LMV 0.803711
121.559 72.5828 128.088 93.1661 89.0656 105.542 82.5374 84.9589 SMV 0.788086
112.816 433.215 120.106 462.058 30.1836 484.785 22.8939 455.942 LMV 0.78418
184.283 108.874 189.635 129.132 148.967 139.876 143.615 119.618 SMV 0.77832
199.756 37.2583 205.96 57.6476 167.244 69.4292 161.04 49.0399 SMV 0.775391
99.8939 373.095 107.66 397.581 18.3561 425.905 10.5903 401.419 LMV 0.749023
121.034 530.405 128.202 554.551 43.8408 579.595 36.6729 555.449 LMV 0.734863
318.265 100.078 354.306 178.024 330.735 188.922 294.694 110.976 LMV 0.711426
212.974 68.2152 218.836 88.7706 178.026 100.41 172.164 79.8544 SMV 0.677246
126.843 463.259 133.888 488.238 29.2817 517.741 22.2367 492.762 LMV 0.662109
342.929 90.5551 374.16 170.013 352.071 178.695 320.84 99.2374 LMV 0.563477
143.169 495.97 150.624 519.963 44.2059 553.03 36.7506 529.037 LMV 0.53125
41.9075 587.323 50.4286 611.921 2.0613 628.677 -6.45988 604.079 LMV 0.336914
530.749 339.563 554.978 372.329 537.251 385.437 513.022 352.671 SMV 0.279785
