358.029 301.362 375.757 341.017 356.471 349.638 338.743 309.983 CV 0.842773
244.936 307.811 274.858 381.6 243.814 394.189 213.892 320.4 MCV 0.654297
272.419 302.274 304.725 383.996 277.581 394.726 245.275 313.004 MCV 0.635254
416.678 335.55 469.577 433.632 439.322 449.95 386.423 351.868 LMV 0.493164
489.642 395.645 548.732 488.87 520.358 506.855 461.268 413.63 MCV 0.479492
442.879 314.182 517.099 447.402 492.121 461.318 417.901 328.098 LMV 0.386475
517.439 336.756 584.419 466.345 556.561 480.744 489.581 351.155 LMV 0.361328
320.475 298.939 349.801 368.51 320.025 381.061 290.699 311.49 LMV 0.338623
-4.23657 404.341 18.5526 406.321 15.5256 441.159 -7.26351 439.179 MCV 0.271973
78.0769 247.734 93.7784 311.968 63.9231 319.266 48.2216 255.032 LMV 0.254639
