357.17 254.119 403.155 258.435 401.33 277.881 355.345 273.565 CV 0.921875
515.012 561.682 527.724 574.227 500.988 601.318 488.276 588.773 CV 0.915039
436.615 178.436 481.353 188.301 476.885 208.564 432.147 198.699 CV 0.90625
81.8974 556.59 124.953 559.035 123.853 578.41 80.797 575.965 CV 0.902344
589.379 263.911 616.27 294.861 601.621 307.589 574.73 276.639 CV 0.898438
539.517 149.024 566.501 172.284 554.483 186.226 527.499 162.966 CV 0.893555
537.06 573.123 551.612 586.429 521.94 618.877 507.388 605.571 CV 0.882812
525.307 170.119 556.959 191.26 546.693 206.631 515.041 185.49 CV 0.87207
569.939 278.348 599.069 313.056 584.061 325.652 554.931 290.944 CV 0.871582
509.861 183.065 542.003 212.283 529.139 226.435 496.997 197.217 CV 0.870117
503.411 542.176 516.359 555.607 487.089 583.824 474.141 570.393 CV 0.870117
348.538 273.888 389.846 279.947 386.962 299.612 345.654 293.553 CV 0.867188
421.364 279.689 448.76 308.275 434.636 321.811 407.24 293.225 CV 0.866211
530.224 330.535 560.797 354.85 548.776 369.965 518.203 345.65 CV 0.864746
483.711 215.759 508.045 241.778 495.789 253.241 471.455 227.222 CV 0.864746
177.55 521.434 216.55 549.254 204.2 566.566 165.2 538.746 CV 0.861328
438.503 265.587 466.492 292.386 454.497 304.913 426.508 278.114 CV 0.858887
558.099 132.879 587.032 157.993 573.901 173.121 544.968 148.007 CV 0.856445
581.822 97.6209 611.157 125.544 599.178 138.129 569.843 110.206 CV 0.855469
497.652 200.081 525.899 227.958 513.848 240.169 485.601 212.292 CV 0.847168
428.587 199.617 462.501 208.639 457.913 225.883 423.999 216.861 CV 0.845703
600.431 86.2183 629.235 112.973 617.569 125.532 588.765 98.777 CV 0.845703
41.8151 601.644 83.7375 602.77 83.1849 623.356 41.2625 622.23 CV 0.845703
454.058 160.179 489.987 167.753 486.442 184.571 450.513 176.997 CV 0.84375
614.315 67.3882 645.228 94.8889 631.685 110.112 600.772 82.6111 CV 0.842285
542.309 312.59 577.372 338.757 565.691 354.41 530.628 328.243 CV 0.832031
161.74 543.289 194.879 568.323 184.01 582.711 150.871 557.677 CV 0.830078
608.201 250.553 635.981 281.173 620.799 294.947 593.019 264.327 CV 0.822266
191.976 504.356 225.285 529.214 213.024 545.644 179.715 520.786 CV 0.810059
465.299 231.611 494.285 255.699 482.701 269.638 453.715 245.551 CV 0.808594
120.201 589.336 149.974 614.623 138.049 628.664 108.276 603.377 CV 0.807617
569.475 112.896 598.029 138.299 585.525 152.354 556.971 126.951 CV 0.797852
226.209 478.464 263.415 506.771 251.041 523.036 213.835 494.729 CV 0.795898
564.751 599.782 580.256 614.541 547.249 649.218 531.744 634.459 CV 0.793945
516.79 345.067 546.426 373.805 533.21 387.433 503.574 358.695 CV 0.788086
622.457 235.66 649.767 266.908 635.543 279.34 608.233 248.092 CV 0.782715
447.058 251.464 480.629 273.556 470.442 289.036 436.871 266.944 CV 0.780762
85.8784 620.003 113.654 631.504 105.997 649.997 78.221 638.496 CV 0.761719
174.591 454.709 227.545 456.903 226.659 478.291 173.705 476.097 CV 0.760254
132.239 568.892 164.798 596.111 152.261 611.108 119.702 583.889 CV 0.738281
583.73 614.807 597.378 632.459 569.27 654.193 555.622 636.541 CV 0.703613
15.598 623.797 63.3101 625.7 62.652 642.203 14.9399 640.3 CV 0.679199
112.131 315.551 135.871 336.279 126.119 347.449 102.379 326.721 CV 0.679199
146.421 470.834 196.501 478.654 192.829 502.166 142.749 494.346 CV 0.522949
631.047 222.362 647.182 227.515 641.953 243.888 625.818 238.735 CV 0.458984
626.29 339.359 648.583 347.642 641.71 366.141 619.417 357.858 CV 0.421143
618.127 -6.21398 643.614 4.52227 637.873 18.1515 612.386 7.41523 CV 0.416748
399.768 215.028 445.019 225.733 440.232 245.972 394.981 235.267 CV 0.384766
462.965 139.711 503.671 150.306 498.535 170.039 457.829 159.444 CV 0.250488
