501.677 284.749 522.852 285.464 521.323 330.751 500.148 330.036 CV 0.923828
590.174 291.174 609.978 291.781 608.826 329.326 589.022 328.719 CV 0.919922
543.47 287.955 563.448 288.43 562.53 327.045 542.552 326.57 CV 0.918945
455.491 281.284 476.885 281.989 475.509 323.716 454.115 323.011 CV 0.914062
395.506 275.133 418.185 275.759 416.994 318.867 394.315 318.241 CV 0.914062
549.869 178.641 571.39 179.284 570.131 221.359 548.61 220.716 CV 0.912109
525.011 590.13 546.745 589.996 546.989 629.87 525.255 630.004 CV 0.911133
463.253 176.891 483.347 176.953 483.247 209.359 463.153 209.297 CV 0.904297
408.343 490.322 429.838 489.844 430.657 526.678 409.162 527.156 CV 0.902344
323.021 371.325 346.739 371.489 346.479 409.175 322.761 409.011 CV 0.902344
525.376 289.802 544.542 290.272 543.624 327.698 524.458 327.228 CV 0.902344
359.926 174.72 381.25 175.162 380.574 207.78 359.25 207.338 CV 0.897461
565.247 286.813 587.509 287.257 586.753 325.187 564.491 324.743 CV 0.895508
488.799 174.889 509.704 175.177 509.201 211.611 488.296 211.323 CV 0.883789
402.146 587.415 423.237 587.059 423.854 623.585 402.763 623.941 CV 0.876953
548.55 586.726 570.002 586.495 570.45 628.274 548.998 628.505 CV 0.875977
449.332 594.859 467.956 595.017 467.668 629.141 449.044 628.983 CV 0.874023
437.769 278.924 456.25 280.059 453.731 321.076 435.25 319.941 CV 0.874023
333.676 279.074 355.011 280.368 352.824 316.426 331.489 315.132 CV 0.873047
396.798 172.171 416.875 171.987 417.202 207.579 397.125 207.763 CV 0.862305
258.162 374.234 279.257 375.627 276.838 412.266 255.743 410.873 CV 0.861328
614.976 191.712 635.411 192.01 635.024 218.538 614.589 218.24 CV 0.861328
515.639 384.028 536.971 383.308 538.361 424.472 517.029 425.192 CV 0.856445
593.577 594.161 615.604 593.722 616.423 634.839 594.396 635.278 CV 0.847168
512.027 485.441 537.526 485.187 537.973 530.059 512.474 530.313 CV 0.836914
282.077 482.719 303.636 482.289 304.423 521.781 282.864 522.211 CV 0.821289
237.033 370.936 257.27 371.681 255.967 407.064 235.73 406.319 CV 0.800781
571.362 488.352 606.077 490.965 602.638 536.648 567.923 534.035 CV 0.747559
356.335 581.638 358.457 630.436 337.165 631.362 335.043 582.564 CV 0.738281
359.434 578.427 381.896 579.426 380.066 620.573 357.604 619.574 CV 0.738281
555.423 384.091 583.199 384.602 582.577 418.409 554.801 417.898 CV 0.568359
512.493 181.038 531.514 181.666 530.507 212.212 511.486 211.584 CV 0.553711
629.411 289.537 643.502 290.262 641.589 327.463 627.498 326.738 CV 0.549316
573.614 194.282 591.998 194.789 591.386 216.968 573.002 216.461 CV 0.50293
595.556 197.798 615.54 197.905 615.444 215.952 595.46 215.845 CV 0.383789
445.406 182.88 462.671 182.933 462.594 208.12 445.329 208.067 CV 0.357422
