163.829 199.749 203.895 251.566 181.671 268.751 141.605 216.934 AFV 0.914062
110.804 241.653 148.687 295.927 124.446 312.847 86.563 258.573 AFV 0.902344
250.762 135.066 289.559 189.229 266.238 205.934 227.441 151.771 AFV 0.895508
435.772 3.48821 470.892 58.7767 445.728 74.7618 410.608 19.4733 AFV 0.884766
224.061 157.271 261.806 209.266 238.439 226.229 200.694 174.234 AFV 0.880859
347.591 69.1592 386.2 123.227 362.409 140.216 323.8 86.1481 AFV 0.876953
278.251 116.637 318.069 167.617 293.749 186.613 253.931 135.633 AFV 0.875977
49.6269 280.519 87.6395 334.473 63.4981 351.481 25.4855 297.527 AFV 0.875
403.418 26.1907 443.519 78.8465 421.082 95.9343 380.981 43.2785 AFV 0.868164
193.923 175.796 231.034 228.09 208.327 244.204 171.216 191.91 AFV 0.851562
134.538 219.605 178.037 270.318 156.962 288.395 113.463 237.682 AFV 0.847168
314.377 86.9046 355.499 138.767 331.123 158.095 290.001 106.233 AFV 0.834961
373.838 45.583 412.211 98.2797 388.162 115.792 349.789 63.0953 AFV 0.830078
82.4906 259.719 118.117 315.203 94.6344 330.281 59.0083 274.797 AFV 0.827637
18.6893 301.949 56.4914 360.195 32.0607 376.051 -5.7414 317.805 AFV 0.80957
128.668 -10.8118 171.875 39.4104 149.832 58.3743 106.625 8.15207 AFV 0.798828
479.019 -13.7654 512.869 24.9646 489.481 45.406 455.631 6.67599 AFV 0.790527
161.04 -16.5262 201.358 21.4777 181.96 42.0575 141.642 4.05354 AFV 0.751953
593.109 240.682 611.888 298.326 588.891 305.818 570.112 248.175 MCV 0.746582
571.04 252.39 592.744 310.767 568.96 319.61 547.256 261.233 MCV 0.744629
119.953 550.49 131.134 629.2 100.797 633.51 89.6165 554.8 LMV 0.739746
152.703 520.423 171.627 625.483 137.797 631.577 118.873 526.517 LMV 0.724609
213.304 288.523 231.254 355.148 202.196 362.977 184.246 296.352 LMV 0.71875
396.676 335.512 411.535 358.261 343.824 402.488 328.965 379.739 LMV 0.700684
72.7741 21.7831 116.336 73.9973 92.1009 94.2169 48.5386 42.0027 AFV 0.699219
140.901 320.705 165.048 417.037 134.099 424.795 109.952 328.463 LMV 0.694824
5.46921 0.149008 39.2382 36.2561 21.0933 53.226 -12.6757 17.1189 SMV 0.674316
506.191 -11.284 540.673 -5.65772 535.809 24.1512 501.327 18.5249 AFV 0.66748
102.861 5.27499 144.474 57.5461 121.639 75.725 80.026 23.4539 AFV 0.644043
402.676 128.072 432.288 132.024 423.324 199.178 393.712 195.226 LMV 0.62207
547.55 266.014 569.998 330.202 543.45 339.486 521.002 275.298 MCV 0.553711
275.464 467.515 296.364 527.278 270.036 536.485 249.136 476.722 MCV 0.521484
95.0744 386.144 112.602 444.768 85.5506 452.856 68.0232 394.232 SMV 0.489258
621.951 209.311 647.068 280.908 617.049 291.439 591.932 219.842 MCV 0.483887
122.348 376.196 138.432 433.87 111.777 441.304 95.6931 383.63 SMV 0.483398
253.266 492.527 268.031 552.422 243.484 558.473 228.719 498.578 MCV 0.481445
37.9624 -16.7644 71.4492 1.06516 57.3501 27.5456 23.8633 9.71609 SMV 0.469238
1.70219 340.193 28.4375 380.434 5.29781 395.807 -21.4375 355.566 AFV 0.460938
507.284 304.557 525.664 363.508 500.216 371.443 481.836 312.492 MCV 0.433594
117.919 370.986 138.119 431.781 110.331 441.014 90.1311 380.219 LMV 0.429443
229.971 497.89 253.701 563.878 228.029 573.11 204.299 507.122 MCV 0.407715
296.324 457.157 317.826 519.225 287.176 529.843 265.674 467.775 MCV 0.402344
530.076 283.153 547.979 346.159 520.924 353.847 503.021 290.841 MCV 0.398926
438.977 349.754 457.662 412.923 429.523 421.246 410.838 358.077 MCV 0.371826
0.910435 38.3862 21.3632 51.6462 8.41769 71.6138 -12.035 58.3538 SMV 0.368408
91.8691 385.912 113.027 447.372 86.2559 456.588 65.0985 395.128 LMV 0.354248
32.4049 -16.9133 66.5049 10.893 47.0326 34.7727 12.9326 6.96636 AFV 0.333252
411.875 364.886 432.928 429.94 406.125 438.614 385.072 373.56 MCV 0.331299
193.792 -7.1264 224.022 -1.49779 220.458 17.642 190.228 12.0134 AFV 0.286865
401.17 125.837 433.537 130.407 423.83 199.163 391.463 194.593 AFV 0.273926
