36.3347 264.901 59.4485 266.303 56.8528 309.099 33.739 307.697 CV 0.93457
69.4607 378.797 91.742 379.977 89.6643 419.203 67.383 418.023 CV 0.924805
28.0981 519.365 73.3674 520.406 72.9019 540.635 27.6326 539.594 CV 0.899414
581.278 390.066 604.079 390.8 602.722 432.934 579.921 432.2 CV 0.890625
602.76 389.783 630.131 390.287 629.24 438.717 601.869 438.213 CV 0.888672
577.91 545.106 602.106 544.531 603.09 585.894 578.894 586.469 CV 0.888672
164.82 274.199 188.551 275.146 186.93 315.801 163.199 314.854 CV 0.886719
120.136 268.104 142.465 268.926 140.864 312.396 118.535 311.574 CV 0.886719
36.3687 566.879 82.1852 568.461 81.5063 588.121 35.6898 586.539 CV 0.885742
532.387 549.014 554.614 549.593 553.613 587.986 531.386 587.407 CV 0.875
129.852 613.541 171.621 616.042 170.398 636.459 128.629 633.958 CV 0.861328
302.814 82.2489 360.905 82.7834 360.686 106.626 302.595 106.092 CV 0.850586
-0.794824 366.146 9.43065 366.296 8.81045 408.854 -1.41503 408.704 CV 0.786133
555.85 549.848 576.645 549.561 577.15 586.152 556.355 586.439 CV 0.77832
560.703 391.714 582.888 392.072 582.297 428.786 560.112 428.428 CV 0.409912
-0.607032 428.874 7.82991 428.971 7.63828 445.626 -0.79866 445.529 CV 0.3125
26.3395 629.675 73.9292 630.295 73.7855 641.325 26.1958 640.705 CV 0.295898
