113.371 242.491 119.326 265.03 75.879 276.509 69.9242 253.97 SMV 0.943359
160.907 380.858 167.805 401.617 124.093 416.142 117.195 395.383 SMV 0.941406
152.396 354.885 159.079 375.813 115.854 389.615 109.171 368.687 SMV 0.941406
76.6433 156.923 83.5451 178.109 40.6692 192.077 33.7674 170.891 SMV 0.941406
142.981 324.669 150.228 345.789 106.394 360.831 99.1466 339.711 SMV 0.9375
121.238 270.397 128.058 291.757 86.2622 305.103 79.4419 283.743 SMV 0.931641
63.6756 130.527 71.2173 151.891 27.0744 167.473 19.5327 146.109 SMV 0.929688
131.752 296.943 137.418 319.363 93.1234 330.557 87.457 308.137 SMV 0.929688
175.861 412.611 183.235 434.1 140.139 448.889 132.765 427.4 SMV 0.923828
185.145 441.298 192.632 463.046 148.605 478.202 141.118 456.454 SMV 0.918945
195.714 468.395 204.554 490.505 160.536 508.105 151.696 485.995 SMV 0.916992
54.0595 104.024 61.3796 125.63 17.1905 140.601 9.87044 118.995 SMV 0.908203
86.7566 185.48 93.4044 206.091 50.9934 219.77 44.3456 199.159 SMV 0.907227
240.239 575.392 249.207 596.266 206.511 614.608 197.543 593.734 SMV 0.902344
96.0798 213.608 103.641 234.633 63.2952 249.142 55.7342 228.117 SMV 0.901367
44.6933 79.3883 52.4951 102.052 6.93172 117.737 -0.870062 95.0732 SMV 0.899414
224.482 548.491 234.521 570.204 192.768 589.509 182.729 567.796 SMV 0.879883
43.6062 386.52 52.2265 408.079 6.20626 426.48 -2.41396 404.921 SMV 0.876953
584.281 -8.00882 597.036 28.35 576.719 35.4776 563.964 -0.881265 CV 0.875977
557.097 -1.21337 577.04 61.2424 550.903 69.5884 530.96 7.13257 CV 0.875
591.559 163.237 612.392 214.611 590.441 223.513 569.608 172.139 CV 0.866211
519.21 7.10086 533.817 59.4773 510.79 65.8991 496.183 13.5227 CV 0.855469
30.2508 358.672 39.7915 381.306 1.78043 397.328 -7.76025 374.694 SMV 0.851562
32.2065 54.2066 40.8114 75.9738 0.793508 91.7934 -7.81136 70.0262 SMV 0.824219
512.368 498.724 523.147 525.68 461.632 550.276 450.853 523.32 LMV 0.805664
621.938 -7.30717 633.734 34.2057 610.062 40.9322 598.266 -0.580736 CV 0.770996
511.91 359.732 523.675 386.682 410.09 436.268 398.325 409.318 LMV 0.712402
604.547 580.207 614.68 607.546 565.453 625.793 555.32 598.454 SMV 0.59668
-0.575899 280.428 8.0172 280.323 8.25949 300.072 -0.333611 300.177 SMV 0.569824
14.8814 21.7737 30.1781 40.5703 6.02488 60.2263 -9.27189 41.4297 SMV 0.569824
-1.27717 0.290353 20.0193 3.76527 16.4412 25.694 -4.85526 22.2191 SMV 0.537109
539.232 435.427 550.79 458.786 507.768 480.073 496.21 456.714 SMV 0.503418
-0.642447 308.264 20.754 310.669 18.0487 334.736 -3.3478 332.331 SMV 0.5
559.54 477.209 568.82 502.78 527.46 517.791 518.18 492.22 SMV 0.439453
259.751 626.1 262.451 640.601 223.249 647.9 220.549 633.399 SMV 0.398926
615.256 623.145 618.441 640.924 579.744 647.855 576.559 630.076 SMV 0.397705
577.074 513.785 584.265 538.999 537.926 552.215 530.735 527.001 SMV 0.280029
