272.657 440.644 295.388 483.487 275.843 493.856 253.112 451.013 AFV 0.874023
374.412 412.752 391.78 458.37 371.088 466.248 353.72 420.63 AFV 0.851562
405.888 402.383 426.408 446.087 406.112 455.617 385.592 411.913 AFV 0.851562
305.256 424.97 328.935 470.563 309.744 480.53 286.065 434.937 AFV 0.850586
371.927 176.84 396.313 231.387 375.573 240.66 351.187 186.113 LMV 0.84375
42.2563 555.53 62.7198 603.164 41.0562 612.47 20.5927 564.836 AFV 0.819824
335.752 412.342 354.097 460.53 332.748 468.658 314.403 420.47 AFV 0.816406
250.642 457.721 271.141 502.055 250.108 511.779 229.609 467.445 AFV 0.812012
293.296 217.99 315.297 269.759 294.704 278.51 272.703 226.741 LMV 0.794434
212.958 477.824 239.027 522.239 219.542 533.676 193.473 489.261 AFV 0.78418
251.367 236.68 276.501 289.54 254.883 299.82 229.749 246.96 LMV 0.782715
333.964 200.808 357.379 252.776 337.036 261.942 313.621 209.974 LMV 0.757812
558.995 16.9327 571.688 36.038 531.005 63.0673 518.312 43.962 AFV 0.753418
65.6945 337.72 89.108 392.963 68.3055 401.78 44.892 346.537 LMV 0.741699
620.312 107.042 634.407 127.235 594.688 154.958 580.593 134.765 AFV 0.736328
635.627 145.38 646.601 162.806 610.373 185.62 599.399 168.194 AFV 0.71875
538.956 -16.3113 550.739 2.72797 506.044 30.3894 494.261 11.3502 LMV 0.682129
228.688 139.459 253.041 187.375 231.562 198.291 207.209 150.375 LMV 0.581055
602.597 37.834 617.52 62.5356 548.403 104.291 533.48 79.5894 LMV 0.49707
70.7385 549.251 88.5651 593.212 67.5115 601.749 49.6849 557.788 AFV 0.462891
5.56675 386.933 27.1408 421.944 9.0895 433.067 -12.4845 398.056 MCV 0.421875
172.133 501.544 188.663 546.541 167.117 554.456 150.587 509.459 AFV 0.296875
