114.27 228.847 137.988 228.593 138.48 274.403 114.762 274.657 CV 0.907227
495.857 314.975 513.335 360.886 490.643 369.525 473.165 323.614 CV 0.895508
256.117 327.984 264.957 350.095 216.383 369.516 207.543 347.405 CV 0.890625
288.07 401.377 298.216 421.197 253.43 444.123 243.284 424.303 CV 0.884766
485.602 491.731 505.048 499.905 486.398 544.269 466.952 536.095 CV 0.883789
31.7936 234.647 54.4109 234.057 55.6439 281.353 33.0266 281.943 CV 0.876953
224.907 281.225 234.549 300.197 192.093 321.775 182.451 302.803 CV 0.876953
616.378 48.829 616.8 70.9656 566.622 71.921 566.2 49.7844 CV 0.870117
58.0405 233.932 83.9138 233.634 84.4595 281.068 58.5862 281.366 CV 0.861328
141.121 226.742 169.073 226.571 169.379 276.508 141.427 276.679 CV 0.856445
297.303 428.186 307.044 445.671 268.197 467.314 258.456 449.829 CV 0.853027
313.863 451.317 323.038 473.63 279.137 491.683 269.962 469.37 CV 0.786133
332.829 479.275 341.029 499.218 299.671 516.225 291.471 496.282 CV 0.511719
