358.753 496.105 361.846 525.458 300.747 531.895 297.654 502.542 AFV 0.907227
425.228 530.981 426.124 564.344 363.772 566.019 362.876 532.656 AFV 0.902344
236.665 427.833 237.323 462.42 171.835 463.667 171.177 429.08 AFV 0.895508
422.942 458.299 423.847 491.974 359.558 493.701 358.653 460.026 AFV 0.894531
361.728 567.538 364.091 598.699 301.272 603.462 298.909 572.301 AFV 0.893555
360.448 636.973 360.616 605.661 428.552 606.027 428.384 637.339 AFV 0.890625
359.351 423.054 362.221 454.062 298.649 459.946 295.779 428.938 AFV 0.888672
274.219 557.256 275.308 590.551 208.281 592.744 207.192 559.449 AFV 0.865723
237.248 464.677 238.94 495.881 175.502 499.323 173.81 468.119 AFV 0.858887
419.975 384.044 422.243 416.465 358.025 420.956 355.757 388.535 AFV 0.823242
360.74 526.749 362.638 557.316 299.26 561.251 297.362 530.684 AFV 0.660645
361.124 347.054 364.076 378.949 293.876 385.446 290.924 353.551 AFV 0.653809
357.188 454.684 360.066 481.011 297.812 487.816 294.934 461.489 AFV 0.575195
112.769 627.406 169.84 625.787 170.231 639.594 113.16 641.213 AFV 0.524902
356.272 378.36 358.524 410.563 300.228 414.64 297.976 382.437 AFV 0.303711
