278.089 91.7828 283.531 114.049 240.911 124.467 235.469 102.201 CV 0.904297
449.589 210.766 455.988 232.956 413.411 245.234 407.012 223.044 CV 0.900391
335.955 278.599 341.222 300.33 295.545 311.401 290.278 289.67 CV 0.894531
424.123 109.324 429.228 130.209 384.877 141.051 379.772 120.166 CV 0.893555
148.59 176.621 154.479 196.746 112.16 209.129 106.271 189.004 CV 0.892578
360.435 381.635 366.214 401.385 323.565 413.865 317.786 394.115 CV 0.889648
353.104 354.642 357.696 377.912 314.896 386.358 310.304 363.088 CV 0.888672
371.617 403.918 377.947 423.875 337.883 436.582 331.553 416.625 CV 0.879883
435.772 185.536 442.512 206.643 399.228 220.464 392.488 199.357 CV 0.87793
160.247 195.093 167.091 215.359 124.753 229.657 117.909 209.391 CV 0.847168
42.779 440.578 48.1307 465.046 0.689716 475.422 -4.66199 450.954 CV 0.842773
340.742 301.483 346.424 323.512 303.758 334.517 298.076 312.488 CV 0.836914
483.625 285.909 488.636 305.335 448.875 315.591 443.864 296.165 CV 0.830078
141.328 149.969 146.299 173.241 99.297 183.281 94.3259 160.009 CV 0.816406
243.322 453.315 248.584 474.306 207.178 484.685 201.916 463.694 CV 0.812012
470.82 256.092 477.004 278.78 436.18 289.908 429.996 267.22 CV 0.811523
128.944 285.904 137.012 312.325 93.5559 325.596 85.4877 299.175 CV 0.80957
429.183 133.902 434.562 155.91 389.817 166.848 384.438 144.84 CV 0.640137
490.685 307.595 496.013 331.957 452.815 341.405 447.487 317.043 CV 0.598145
