138.376 136.42 152.465 149.028 125.124 179.58 111.035 166.972 CV 0.908203
23.2882 162.936 38.5981 174.502 13.0556 208.314 -2.25436 196.748 CV 0.907227
76.8399 172.039 93.0351 182.674 69.5351 218.461 53.3399 207.826 CV 0.902344
98.5797 184.418 113.555 195.2 90.4203 227.332 75.4449 216.55 CV 0.900391
30.4661 582.506 45.1846 592.4 22.9402 625.494 8.22169 615.6 CV 0.882812
104.555 314.061 116.317 358.403 95.4447 363.939 83.6833 319.597 CV 0.876953
51.1815 167.286 68.7601 177.65 46.3185 215.714 28.7399 205.35 CV 0.874023
15.9038 535.947 27.1036 570.555 10.1118 576.053 -1.08797 541.445 CV 0.845703
33.5831 118.297 47.9985 128.945 26.3856 158.203 11.9703 147.555 CV 0.842285
57.6933 582.136 72.9783 591.993 48.5567 629.864 33.2717 620.007 CV 0.836914
70.0523 541.679 79.1793 579.017 61.5727 583.321 52.4457 545.983 CV 0.813477
42.4701 536.396 54.9717 574.392 36.0924 580.604 23.5908 542.608 CV 0.80957
5.49568 579.124 20.7394 587.298 4.87932 616.876 -10.3644 608.702 CV 0.738281
3.74199 118.311 18.9902 125.897 6.40645 151.189 -8.8418 143.603 CV 0.725098
