181.121 455.713 201.07 470.494 167.879 515.287 147.93 500.506 CV 0.874023
123.654 381.561 162.222 403.57 152.596 420.439 114.028 398.43 CV 0.858887
362.61 241.283 407.378 267.736 394.39 289.717 349.622 263.264 SMV 0.669922
111.315 545.629 134.039 557.907 108.935 604.371 86.211 592.093 CV 0.411621
177.682 604.939 202.536 609.9 195.318 646.061 170.464 641.1 LMV 0.352539
364.556 241.852 407.789 268.492 394.444 290.148 351.211 263.508 LMV 0.317139
153.803 585.435 181.905 594.711 165.447 644.565 137.345 635.289 LMV 0.308105
143.934 353.007 183.507 375.207 171.566 396.493 131.993 374.293 CV 0.303955
351.205 493.639 391.569 515.041 380.795 535.362 340.431 513.959 SMV 0.281738
357.883 5.14576 396.16 39.6011 384.117 52.9792 345.84 18.5239 CV 0.276367
457.943 309.859 505.139 333.976 493.557 356.641 446.361 332.524 SMV 0.273926
