583.927 74.3514 589.795 95.8785 547.073 107.524 541.205 85.9965 SMV 0.90625
593.807 101.584 598.284 122.053 557.193 131.041 552.716 110.572 SMV 0.893555
574.073 48.7701 581.153 70.0778 535.927 85.1049 528.847 63.7972 SMV 0.882812
558.529 23.7411 567.263 47.2325 502.471 71.3214 493.737 47.83 LMV 0.829102
550.06 -0.690323 558.089 23.9566 496.94 43.8778 488.911 19.2309 LMV 0.810059
39.2142 11.3402 46.9574 37.2387 -1.27668 51.6598 -9.01987 25.7613 CV 0.796875
622.393 196.936 629.687 219.473 567.607 239.564 560.313 217.027 LMV 0.79541
613.905 171.027 622.474 193.144 537.095 226.223 528.526 204.106 LMV 0.765625
602.843 124.431 609.172 147.921 563.157 160.319 556.828 136.829 SMV 0.724121
627.664 227.187 635.813 251.712 581.336 269.813 573.187 245.288 LMV 0.626953
0.974186 -3.64926 22.3303 2.59419 16.4946 22.5555 -4.86151 16.3121 CV 0.512695
597.646 328.596 648.363 345.821 640.354 369.404 589.637 352.179 LMV 0.384521
527.305 -14.6637 535.157 4.27297 494.195 21.2575 486.343 2.32078 LMV 0.31543
