20.7706 318.676 50.5273 319.886 47.4794 394.824 17.7227 393.614 LMV 0.898438
253.387 356.861 282.465 358.512 278.113 435.139 249.035 433.488 LMV 0.874023
432.195 382.589 461.417 383.441 459.305 455.911 430.083 455.059 LMV 0.853027
392.422 375.074 423.376 376.024 421.078 450.926 390.124 449.976 LMV 0.828613
569.505 275.446 597.808 279.731 585.495 361.054 557.192 356.769 LMV 0.461914
529.622 266.704 560.246 273.308 541.378 360.796 510.754 354.192 LMV 0.413818
219.451 229.495 248.401 234.288 233.549 324.005 204.599 319.212 LMV 0.395264
40.3833 188.237 69.543 191.787 59.8667 271.263 30.707 267.713 LMV 0.337646
456.036 258.602 484.246 262.873 470.464 353.898 442.254 349.627 LMV 0.315186
119.537 621.05 146.579 622.711 145.213 644.95 118.171 643.289 LMV 0.271973
