574.169 127.116 601.088 126.703 601.831 175.134 574.912 175.547 CV 0.884766
424.285 337.178 452.158 336.857 452.715 385.322 424.842 385.643 SMV 0.867188
475.772 126.752 479.411 174.74 456.228 176.498 452.589 128.51 CV 0.860352
435.029 116.187 436.804 182.288 407.971 183.063 406.196 116.962 CV 0.845703
476.945 84.2965 503.969 83.6539 505.055 129.329 478.031 129.971 CV 0.841309
527.795 130.719 550.402 129.817 552.205 175.031 529.598 175.933 CV 0.819824
501.301 76.6358 529.049 75.273 531.699 129.239 503.951 130.602 CV 0.806641
623.189 117.655 625.665 174.601 602.811 175.595 600.335 118.649 CV 0.804688
607.919 315.319 609.23 364.113 588.081 364.681 586.77 315.887 CV 0.798828
584.54 321.625 585.084 370.121 562.46 370.375 561.916 321.879 CV 0.798828
550.825 226.247 553.556 289.063 526.175 290.253 523.444 227.437 CV 0.788086
628.199 122.935 641.151 122.757 641.801 169.815 628.849 169.993 CV 0.728516
598.685 235.559 600.851 280.351 578.315 281.441 576.149 236.649 CV 0.70166
456.453 337.688 485.047 337.688 485.047 393.312 456.453 393.312 SMV 0.669922
623.978 228.848 639.745 228.17 642.022 281.152 626.255 281.83 CV 0.646484
486.927 329.546 514.547 328.995 515.573 380.454 487.953 381.005 SMV 0.616211
475.171 620.448 520.038 622.961 518.829 644.552 473.962 642.039 CV 0.397949
