305.896 380.17 327.691 388.958 310.604 431.33 288.809 422.542 SMV 0.933594
481.251 537.927 502.776 547.626 482.749 592.073 461.224 582.374 SMV 0.923828
280.582 441.015 302.412 450.292 283.418 494.985 261.588 485.708 SMV 0.918945
162.315 302.086 184.717 312.424 164.185 356.914 141.783 346.576 SMV 0.916016
254.292 425.446 277.691 435.303 258.208 481.554 234.809 471.697 SMV 0.915039
158.391 379.497 179.53 389.215 159.859 432.003 138.72 422.285 SMV 0.911133
531.289 560.078 554.391 569.876 535.711 613.922 512.609 604.124 SMV 0.90918
133.531 366.892 156.3 376.713 136.719 422.108 113.95 412.287 SMV 0.90625
579.088 586.014 600.527 595.674 581.912 636.986 560.473 627.326 SMV 0.898438
306.812 450.907 329.78 460.582 310.188 507.093 287.22 497.418 SMV 0.892578
395.186 253.855 413.488 262.15 395.814 301.145 377.512 292.85 CV 0.886719
348.355 232.258 367.004 241.356 348.645 278.992 329.996 269.894 CV 0.884766
439.241 274.738 458.427 282.803 442.259 321.262 423.073 313.197 CV 0.87793
62.2941 331.105 86.1647 339.479 69.7059 386.395 45.8353 378.021 SMV 0.876953
414.14 267.764 432.427 275.467 417.36 311.236 399.073 303.533 CV 0.860352
333.242 391.628 355.932 401.513 337.258 444.372 314.568 434.487 SMV 0.857422
461.144 508.634 485.771 519.702 459.856 577.365 435.229 566.298 LMV 0.853027
604.48 595.424 626.798 605.454 606.52 650.576 584.202 640.546 SMV 0.851562
281.38 367.318 303.926 375.99 287.12 419.682 264.574 411.01 SMV 0.850586
138.18 283.349 160.824 293.379 142.32 335.151 119.676 325.121 SMV 0.84082
371.466 246.33 390.129 254.428 373.534 292.67 354.871 284.572 CV 0.839355
378.203 469.398 401.509 479.196 377.797 535.602 354.491 525.805 LMV 0.765625
198.418 379.319 223.573 391.545 194.832 450.681 169.677 438.455 LMV 0.755371
437.433 486.864 461.921 498.604 429.067 567.136 404.579 555.396 LMV 0.750977
340.075 456.803 364.98 465.994 344.425 521.697 319.52 512.506 SMV 0.683594
108.42 334.096 134.779 346.113 108.205 404.404 81.8462 392.387 LMV 0.67627
409.541 474.634 432.816 484.505 404.459 551.366 381.184 541.495 LMV 0.538086
533 491.582 553.2 500.684 538 534.418 517.8 525.316 SMV 0.503418
109.03 332.775 135.415 344.155 109.72 403.725 83.3354 392.345 SMV 0.46875
395.469 426.058 417.672 435.251 401.031 475.442 378.828 466.249 SMV 0.443359
3.87619 483.312 118.814 536.594 103.936 568.688 -11.0017 515.406 LMV 0.314209
46.1342 252.073 73.9198 262.791 42.4283 344.427 14.6427 333.709 MCV 0.279785
