564.519 133.133 594.597 133.179 594.481 209.117 564.403 209.071 LMV 0.797852
-0.342369 348.163 45.7502 353.273 43.2486 375.837 -2.84399 370.727 LMV 0.789062
0.536369 375.619 56.5287 382.176 53.8699 404.881 -2.12248 398.324 LMV 0.725098
187.231 492.024 243.702 523.703 231.769 544.976 175.298 513.297 MCV 0.713379
512.85 188.441 520.239 247.481 493.65 250.809 486.261 191.769 LMV 0.683594
562.235 487.025 599.902 536.035 581.765 549.975 544.098 500.965 LMV 0.682129
590.569 473.565 629.607 520.965 611.431 535.935 572.393 488.535 LMV 0.667969
595.483 123.413 623.936 123.588 623.517 191.837 595.064 191.662 LMV 0.635254
169.472 518.507 226.709 547.141 216.028 568.493 158.791 539.859 MCV 0.581055
238.108 33.1448 249.406 49.2301 216.392 72.4177 205.094 56.3324 MCV 0.549805
444.755 234.046 454.857 298.383 425.745 302.954 415.643 238.617 LMV 0.522949
623.163 120.159 642.085 120.217 641.837 201.091 622.915 201.033 LMV 0.491211
349.417 4.58817 399.894 30.5224 388.583 52.5368 338.106 26.6026 LMV 0.488281
407.674 424.456 412.022 481.792 382.326 484.044 377.978 426.708 MCV 0.467773
409.469 422.267 412.435 482.381 385.031 483.733 382.065 423.619 LMV 0.455566
624.496 94.5092 640.047 93.9129 642.504 157.991 626.953 158.587 LMV 0.450684
400.565 49.8049 453.325 72.0295 443.935 94.3201 391.175 72.0955 LMV 0.438965
-0.495396 403.501 45.2866 408.577 42.7454 431.499 -3.03662 426.423 LMV 0.427246
82.5264 560.684 137.283 583.154 128.599 604.316 73.8422 581.846 LMV 0.377686
2.80356 609.872 26.8742 633.35 10.5089 650.128 -13.5617 626.65 LMV 0.341553
238.125 99.3171 255.346 118.963 218.875 150.933 201.654 131.287 MCV 0.326904
256.442 54.761 270.541 72.5956 234.308 101.239 220.209 83.4044 MCV 0.322266
562.72 487.392 600.692 536.008 583.28 549.608 545.308 500.992 MCV 0.279297
