48.5964 484.173 78.7578 513.221 65.6536 526.827 35.4922 497.779 CV 0.914062
33.9805 439.336 62.8576 464.228 51.707 477.164 22.8299 452.272 CV 0.908203
67.0998 471.854 98.5821 499.18 86.0252 513.646 54.5429 486.32 CV 0.896484
417.208 33.6207 446.612 62.6399 433.792 75.6293 404.388 46.6101 CV 0.896484
141.732 546.123 173.686 573.859 161.518 587.877 129.564 560.141 CV 0.892578
77.375 392.974 107.731 420.3 95.375 434.026 65.0187 406.7 CV 0.892578
430.166 19.1073 460.37 46.9713 448.334 60.0177 418.13 32.1537 CV 0.890625
91.2232 373.475 121.216 403.454 107.652 417.025 77.6588 387.046 CV 0.888672
4.65013 467.875 31.6765 493.6 18.803 507.125 -8.22337 481.4 CV 0.883789
79.9073 455.048 110.205 480.78 98.5927 494.452 68.2955 468.72 CV 0.883789
114.614 425.232 143.773 452.476 130.886 466.268 101.727 439.024 CV 0.880859
446.914 2.17434 477.645 30.8032 464.086 45.3569 433.355 16.7281 CV 0.876953
353.474 96.7789 389.486 124.793 376.026 142.096 340.014 114.082 CV 0.876953
189.429 270.916 217.602 298.557 204.821 311.584 176.648 283.943 CV 0.875977
47.9069 422.508 78.1885 447.822 66.3431 461.992 36.0615 436.678 CV 0.875977
309.949 143.742 339.602 171.693 327.051 185.008 297.398 157.057 CV 0.875
409.066 260.812 421.913 276.505 384.434 307.188 371.587 291.495 CV 0.874023
172.994 518.875 204.625 545.74 193.256 559.125 161.625 532.26 CV 0.871582
34.977 502.352 63.7901 530.456 51.898 542.648 23.0849 514.544 CV 0.865723
127.084 563.738 163.554 591.824 151.666 607.262 115.196 579.176 CV 0.861328
161.013 534.452 191.102 558.671 180.737 571.548 150.648 547.329 CV 0.861328
191.636 501.816 220.027 527.074 208.364 540.184 179.973 514.926 CV 0.854004
380.926 62.0503 414.561 91.0438 402.574 104.95 368.939 75.9562 CV 0.847168
324.644 128.886 354.748 157.179 342.356 170.364 312.252 142.071 CV 0.845703
82.3728 555.38 94.6267 568.65 66.5022 594.62 54.2483 581.35 CV 0.842773
218.302 238.632 247.294 268.326 234.448 280.868 205.456 251.174 CV 0.84082
400.862 47.6338 426.785 74.3405 414.138 86.6162 388.215 59.9095 CV 0.839844
100.314 593.6 128.939 619.065 116.186 633.4 87.561 607.935 CV 0.838867
432.547 270.674 449.113 291.358 405.453 326.326 388.887 305.642 CV 0.834473
342.273 118.416 372.929 142.168 362.727 155.334 332.071 131.582 CV 0.832031
4.25606 530.952 41.7147 565.746 26.5721 582.048 -10.8865 547.254 CV 0.830078
22.6677 517.382 49.4711 541.368 37.6136 554.618 10.8101 530.632 CV 0.828613
222.718 470.052 253.489 496.577 241.532 510.448 210.761 483.923 CV 0.819824
97.1193 437.78 131.003 469.625 117.756 483.72 83.8718 451.875 CV 0.795898
235.567 221.869 266.51 252.798 252.183 267.131 221.24 236.202 CV 0.79541
129.059 407.112 160.1 435.497 146.941 449.888 115.9 421.503 CV 0.794434
467.893 -13.3998 497.146 16.2126 483.607 29.5873 454.354 -0.0251369 CV 0.793945
207.969 486.143 236.531 513.065 223.531 526.857 194.969 499.935 CV 0.770996
114.354 -8.19642 173.455 34.2252 155.396 59.3839 96.2952 16.9623 LMV 0.769531
113.91 581.842 141.436 608.849 130.34 620.158 102.814 593.151 CV 0.763672
83.8149 611.743 114.767 638.345 102.81 652.257 71.8584 625.655 CV 0.755859
122.949 340.697 153.141 371.051 136.801 387.303 106.609 356.949 CV 0.717285
487.024 -6.76479 506.054 0.688398 500.976 13.6515 481.946 6.19832 CV 0.652832
-2.75838 563.279 19.9231 574.932 11.2974 591.721 -11.3841 580.068 CV 0.493164
-0.416637 496.131 19.0075 510.805 8.76039 524.369 -10.6638 509.695 CV 0.493164
603.251 68.1219 624.388 87.564 527.749 192.628 506.612 173.186 CV 0.421387
65.2616 626.327 83.4807 633.787 78.6134 645.673 60.3943 638.213 CV 0.396973
-1.06262 585.351 10.5978 586.861 8.03527 606.649 -3.62517 605.139 CV 0.264648
289.143 236.722 324.592 266.622 308.857 285.278 273.408 255.378 SMV 0.252686
