253.684 48.5167 303.042 53.9491 300.816 74.1708 251.458 68.7384 CV 0.935547
248.289 75.3955 299.565 78.584 298.211 100.354 246.935 97.166 CV 0.912109
522.89 493.248 560.605 504.776 555.11 522.752 517.395 511.224 CV 0.890625
166.571 91.6631 187.777 93.0305 184.679 141.087 163.473 139.72 CV 0.890625
372.464 388.443 388.907 395.727 373.036 431.557 356.593 424.273 CV 0.884766
511.321 509.578 552.527 524.465 545.679 543.422 504.473 528.535 CV 0.879883
581.96 472.667 601.969 479.294 589.04 518.333 569.031 511.706 CV 0.867188
609.756 482.137 624.88 486.272 616.244 517.863 601.12 513.728 CV 0.856445
629.734 523.755 644.076 525.112 642.266 544.245 627.924 542.888 CV 0.724121
465.113 628.334 493.128 629.969 492.387 642.666 464.372 641.031 CV 0.269775
