340.281 128.691 366.968 130.741 362.219 192.559 335.532 190.509 LMV 0.908203
310.584 129.395 337.144 132.711 329.916 190.605 303.356 187.289 LMV 0.87793
513.594 147.239 541.284 148.514 538.406 211.011 510.716 209.736 LMV 0.867188
281.908 127.613 307.743 130.236 302.092 185.887 276.257 183.264 LMV 0.84375
610.934 169.417 637.52 170.07 636.066 229.333 609.48 228.68 LMV 0.816406
581.511 160.354 609.127 161.074 607.489 223.896 579.873 223.176 LMV 0.811523
489.182 145.286 513.204 146.688 509.818 204.714 485.796 203.312 LMV 0.788086
430.634 130.824 461.302 131.906 458.866 200.926 428.198 199.844 LMV 0.767578
179.009 278.674 214.453 280.006 211.491 358.826 176.047 357.494 MCV 0.659668
266.121 299.308 306.012 300.409 303.879 377.692 263.988 376.591 MCV 0.585449
237.236 451.796 240.681 515.296 205.514 517.204 202.069 453.704 AFV 0.558594
238.941 456.822 272.721 457.055 272.31 516.678 238.529 516.445 AFV 0.536621
365.953 460.06 400.378 462.333 396.047 527.94 361.622 525.667 LMV 0.53125
336.79 457.348 366.039 458.718 363.21 519.152 333.961 517.782 AFV 0.481445
317.149 300.619 348.113 301.142 346.851 375.881 315.887 375.358 LMV 0.47168
227.013 612.301 258.734 613.664 257.487 642.699 225.766 641.336 LMV 0.469727
368.355 460.17 398.833 462.442 394.145 525.33 363.667 523.058 AFV 0.467285
273.627 452.372 304.09 451.765 305.373 516.128 274.91 516.735 LMV 0.455566
303.997 454.657 332.87 454.347 333.503 513.343 304.63 513.653 LMV 0.452637
272.709 456.463 304.404 455.71 305.791 514.037 274.096 514.79 AFV 0.357666
269.209 372.982 319.956 372.398 320.791 445.018 270.044 445.602 MCV 0.305908
304.047 454.468 334.077 454.283 334.453 515.532 304.423 515.717 AFV 0.258789
