198.275 49.8618 237.78 55.7201 234.975 74.6382 195.47 68.7799 CV 0.935547
292.681 331.178 332.513 335.471 330.319 355.822 290.487 351.529 CV 0.923828
199.734 25.521 244.886 32.2897 241.766 53.104 196.614 46.3353 CV 0.918945
284.444 104.735 326.723 115.74 321.056 137.515 278.777 126.51 CV 0.896484
334.85 69.9343 386.981 78.774 382.65 104.316 330.519 95.476 CV 0.893555
142.079 322.753 184.191 330.291 180.171 352.747 138.059 345.209 CV 0.884766
90.7296 588.284 146.368 602.036 140.02 627.716 84.3822 613.964 CV 0.883789
196.706 71.9763 236.833 76.145 234.794 95.7737 194.667 91.605 CV 0.850586
580.851 9.58187 635.49 17.773 631.149 46.7306 576.51 38.5395 CV 0.708496
630.124 560.043 636.546 598.257 572.876 608.957 566.454 570.743 AFV 0.38623
639.003 566.13 640.556 601.846 570.997 604.87 569.444 569.154 LMV 0.29541
