532.598 360.154 546.635 368.946 525.402 402.846 511.365 394.054 CV 0.923828
556.545 554.352 572.338 564.69 549.455 599.648 533.662 589.31 CV 0.921875
239.755 545.945 269.613 563.844 260.495 579.055 230.637 561.156 CV 0.918945
570.239 380.033 586.088 390.653 562.761 425.467 546.912 414.847 CV 0.917969
544.236 419.723 558.747 429.222 537.764 461.277 523.253 451.778 CV 0.90625
492.876 569.606 508.002 578.775 487.624 612.394 472.498 603.225 CV 0.901367
607.012 403.648 624.256 413.244 599.988 456.852 582.744 447.256 CV 0.899414
441.437 529.934 454.367 540.948 429.563 570.066 416.633 559.052 CV 0.899414
205.94 597.2 238.767 619.781 227.06 636.8 194.233 614.219 CV 0.898438
524.565 409.761 539.784 419.777 517.435 453.739 502.216 443.723 CV 0.898438
10.5551 58.9088 35.0512 59.8857 32.8199 115.841 8.32375 114.864 CV 0.890625
379.758 346.237 411.478 364.98 402.742 379.763 371.022 361.02 CV 0.890625
442.277 263.582 476.503 288.3 465.223 303.918 430.997 279.2 CV 0.883789
552.746 242.411 567.967 253.091 540.254 292.589 525.033 281.909 CV 0.878906
391.171 329.905 421.63 349.212 412.829 363.095 382.37 343.788 CV 0.875
468.538 560.614 483.996 571.28 460.462 605.386 445.004 594.72 CV 0.873047
432.088 466.145 446.841 477.255 421.912 510.355 407.159 499.245 CV 0.867188
456.733 546.412 469.638 556.542 445.267 587.588 432.362 577.458 CV 0.864258
518.628 347.203 531.977 357.165 508.372 388.797 495.023 378.835 CV 0.859863
424.502 282.909 460.242 306.705 449.998 322.091 414.258 298.295 CV 0.857422
361.327 598.422 379.066 609.127 357.673 644.578 339.934 633.873 CV 0.854492
490.419 384.513 504.619 394.58 480.581 428.487 466.381 418.42 CV 0.851562
398.17 310.513 438.272 333.553 428.83 349.987 388.728 326.947 CV 0.851562
458.13 236.006 495.007 261.96 483.37 278.494 446.493 252.54 CV 0.850586
627.998 298.006 643.473 308.976 619.002 343.494 603.527 332.524 CV 0.845215
634.703 440.742 650.268 449.274 636.297 474.758 620.732 466.226 CV 0.791992
561.435 617.334 579.674 628.389 565.565 651.666 547.326 640.611 CV 0.743652
637.813 319.267 654.903 330.158 633.187 364.233 616.097 353.342 CV 0.661621
537.252 238.548 549.841 247.126 524.748 283.952 512.159 275.374 CV 0.287109
