452.934 395.713 492.242 400.192 490.066 419.287 450.758 414.808 CV 0.955078
387.427 224.791 422.675 232.11 419.073 249.459 383.825 242.14 CV 0.953125
466.142 327.07 506.183 335.287 502.358 353.93 462.317 345.713 CV 0.951172
398.454 179.816 435.953 185.968 433.046 203.684 395.547 197.532 CV 0.948242
439.221 483.635 474.645 488.447 472.279 505.865 436.855 501.053 CV 0.948242
444.957 460.979 479.773 465.38 477.543 483.021 442.727 478.62 CV 0.946289
389.861 204.63 426.226 210.737 423.139 229.12 386.774 223.013 CV 0.943359
526.502 134.816 564.559 146.073 559.498 163.184 521.441 151.927 CV 0.94043
436.044 507.035 474.33 510.775 472.456 529.965 434.17 526.225 CV 0.94043
344.481 420.609 382.753 427.248 379.519 445.891 341.247 439.252 CV 0.938477
462.279 351.93 499.753 357.839 496.721 377.07 459.247 371.161 CV 0.938477
503.27 196.921 540.908 205.733 536.73 223.579 499.092 214.767 CV 0.9375
364.517 310.646 398.226 315.96 395.483 333.354 361.774 328.04 CV 0.9375
459.268 374.686 495.93 380.122 493.232 398.314 456.57 392.878 CV 0.9375
368.009 289.141 403.799 294.896 400.991 312.359 365.201 306.604 CV 0.935547
450.851 440.66 486.877 445.214 484.649 462.84 448.623 458.286 CV 0.93457
381.672 244.505 418.215 253.329 413.828 271.495 377.285 262.671 CV 0.931641
516.189 155.039 559.335 165.14 554.811 184.461 511.665 174.36 CV 0.928711
358.287 351.795 394.821 359.06 391.213 377.205 354.679 369.94 CV 0.927734
484.864 264.166 524.801 272.264 521.136 290.334 481.199 282.236 CV 0.924805
349.399 375.996 386.889 380.677 384.601 399.004 347.111 394.323 CV 0.923828
454.021 418.436 491.863 422.22 489.979 441.064 452.137 437.28 CV 0.921875
542.33 90.9446 579.701 103.545 573.67 121.43 536.299 108.83 CV 0.920898
478.476 284.298 524.077 293.4 520.024 313.702 474.423 304.6 CV 0.920898
347.302 400.117 384.607 405.009 382.198 423.383 344.893 418.491 CV 0.918945
333.488 508.73 369.925 512.43 368.012 531.27 331.575 527.57 CV 0.917969
433.788 71.771 470.268 82.0696 465.212 99.979 428.732 89.6804 CV 0.916016
458.201 7.30192 495.155 17.9882 489.799 36.5106 452.845 25.8243 CV 0.916016
374.374 265.454 408.032 273.308 404.126 290.046 370.468 282.192 CV 0.914062
330.46 462.585 373.897 467.806 371.54 487.415 328.103 482.194 CV 0.914062
510.318 175.234 547.599 183.212 543.682 201.516 506.401 193.538 CV 0.914062
241.914 105.884 258.437 110.838 247.336 147.866 230.813 142.912 CV 0.908203
440.578 50.7123 481.056 63.7682 474.922 82.7877 434.444 69.7318 CV 0.904297
424.975 93.9841 463.818 105.67 458.525 123.266 419.682 111.58 CV 0.901367
149.385 546.531 171.228 549.02 165.365 600.469 143.522 597.98 CV 0.900391
341.445 443.468 379.475 448.601 377.055 466.532 339.025 461.399 CV 0.898438
447.194 26.9077 493.495 40.4807 487.306 61.5923 441.005 48.0193 CV 0.897461
535.287 113.062 572.3 124.534 566.713 142.563 529.7 131.091 CV 0.894531
498.722 218.347 539.961 230.304 534.278 249.903 493.039 237.946 CV 0.882812
411.313 137.134 446.015 144.618 442.187 162.366 407.485 154.882 CV 0.880859
556.507 73.6769 585.351 82.7401 580.493 98.1981 551.649 89.1349 CV 0.874023
416.583 113.626 449.487 123.358 444.417 140.499 411.513 130.767 CV 0.845215
464.326 -9.92656 501.701 -0.688666 497.674 15.6023 460.299 6.36445 CV 0.836914
10.1323 323.292 22.8614 339.282 0.344284 357.208 -12.3849 341.218 CV 0.48877
473.978 305.729 511.41 314.464 507.022 333.271 469.59 324.536 CV 0.352295
441.381 534.148 473.078 535.339 472.119 560.852 440.422 559.661 CV 0.282959
