204.822 27.3279 211.691 46.028 172.678 60.3596 165.809 41.6595 SMV 0.923828
155.347 51.1324 163.037 69.527 123.653 85.9926 115.963 67.598 SMV 0.921875
214.73 49.9966 222.563 69.3126 182.02 85.7534 174.187 66.4374 SMV 0.897461
191.671 4.20126 199.865 22.8219 160.079 40.33 151.885 21.7094 SMV 0.893555
166.592 72.6327 175.546 92.5054 133.408 111.492 124.454 91.6196 SMV 0.868164
131.851 2.90781 141.488 21.0721 102.399 41.8109 92.7619 23.6466 SMV 0.858398
145.763 26.6221 154.117 46.2799 113.737 63.4404 105.383 43.7826 SMV 0.845703
94.8156 50.6078 117.804 100.711 93.4344 111.892 70.4458 61.7894 SMV 0.638184
520.186 41.0395 541.873 85.7447 520.814 95.9605 499.127 51.2553 SMV 0.618164
91.0522 246.108 102.344 269.041 48.8228 295.392 37.5314 272.459 MCV 0.585938
167.305 -11.1252 175.777 4.47268 149.195 18.9103 140.723 3.31247 SMV 0.412842
113.961 -13.461 121.588 3.03302 87.6637 18.7188 80.0372 2.2248 SMV 0.351562
243.121 282.809 249.132 296.15 224.629 307.191 218.618 293.85 CV 0.316406
