313.585 472.97 338.273 476.014 332.415 523.53 307.727 520.486 CV 0.917969
90.0183 433.681 119.725 435.277 116.607 493.319 86.8996 491.723 CV 0.912109
28.0516 58.7895 64.0414 63.62 55.5734 126.711 19.5836 121.88 AFV 0.908203
131.577 558.656 159.941 561.274 154.673 618.344 126.309 615.726 CV 0.904297
104.758 69.0901 138.724 76.5799 125.117 138.285 91.1514 130.795 AFV 0.889648
561.184 252.494 584.37 254.92 578.816 308.006 555.63 305.58 CV 0.882812
292.946 91.0938 330.571 94.8563 324.054 160.031 286.429 156.269 AFV 0.876953
19.5722 604.222 43.1901 606.036 40.5216 640.778 16.9037 638.964 CV 0.856445
100.263 617.693 121.587 618.609 120.612 641.307 99.2879 640.391 CV 0.845703
73.6515 611.967 98.1019 613.526 96.3485 641.033 71.8981 639.474 CV 0.84375
187.375 100.039 218.913 103.119 214.375 149.586 182.837 146.506 AFV 0.780762
148.255 617.36 172.658 618.314 171.745 641.64 147.342 640.686 CV 0.732422
203.403 624.899 224.744 626.095 223.847 642.101 202.506 640.905 CV 0.708496
44.3504 606.159 70.4908 607.443 68.8996 639.841 42.7592 638.557 CV 0.703125
119.012 618.572 145.647 619.634 144.738 642.428 118.103 641.366 CV 0.632324
-0.495094 597.317 17.2346 597.725 16.292 638.683 -1.43771 638.275 CV 0.553711
624.321 457.447 641.836 457.554 641.679 483.053 624.164 482.946 CV 0.320312
520.424 256.109 548.004 256.976 546.576 302.391 518.996 301.524 CV 0.274414
