513.716 479.511 532.214 514.624 517.284 522.489 498.786 487.376 CV 0.927734
334.715 440.594 352.419 476.113 336.785 483.906 319.081 448.387 CV 0.921875
279.052 476.323 298.6 514.693 281.948 523.177 262.4 484.807 CV 0.917969
504.952 339.795 527.266 383.7 509.548 392.705 487.234 348.8 CV 0.915039
551.018 451.337 573.164 493.676 555.982 502.663 533.836 460.324 CV 0.914062
571.163 444.39 589.712 483.599 573.837 491.11 555.288 451.901 CV 0.911133
296.728 464.011 316.125 502.178 299.772 510.489 280.375 472.322 CV 0.902344
474.002 498.894 494.536 537.597 478.498 546.106 457.964 507.403 CV 0.900391
396.332 535.419 417.252 576.982 400.168 585.581 379.248 544.018 CV 0.898438
90.7105 581.699 109.536 618.473 92.2895 627.301 73.464 590.527 CV 0.897461
531.161 467.728 551.651 505.105 535.839 513.772 515.349 476.395 CV 0.897461
458.06 513.323 474.422 548.173 458.44 555.677 442.078 520.827 CV 0.897461
434.6 514.25 453.631 556.266 434.9 564.75 415.869 522.734 CV 0.895508
593.342 435.76 610.963 471.112 594.658 479.24 577.037 443.888 CV 0.895508
493.776 485.761 515.325 525.159 498.724 534.239 477.175 494.841 CV 0.89502
563.594 309.375 585.848 348.774 568.406 358.625 546.152 319.226 CV 0.893555
339.256 574.809 355.643 610.99 339.744 618.191 323.357 582.01 CV 0.892578
377.496 553.721 396.412 590.94 380.004 599.279 361.088 562.06 CV 0.884766
524.316 328.842 545.121 372.93 527.684 381.158 506.879 337.07 CV 0.883789
583.713 298.325 603.07 337.351 586.287 345.675 566.93 306.649 CV 0.883789
238.839 492.15 257.199 528.984 239.411 537.85 221.051 501.016 CV 0.880859
320.936 584.217 337.08 618.168 321.064 625.783 304.92 591.832 CV 0.880859
315.554 446.497 336.493 488.506 319.446 497.003 298.507 454.994 CV 0.878906
602.239 288.802 619.801 326.782 603.761 334.198 586.199 296.218 CV 0.874023
417.592 531.48 435.148 567.942 419.408 575.52 401.852 539.058 CV 0.863281
354.077 429.446 370.783 462.88 353.423 471.554 336.717 438.12 CV 0.845703
357.398 557.714 380.405 602.984 362.102 612.286 339.095 567.016 CV 0.842773
287.1 603.906 303.624 639.37 284.9 648.094 268.376 612.63 CV 0.837891
622.364 275.867 641.979 322.401 623.636 330.133 604.021 283.599 CV 0.836914
612.413 422.74 629.847 458.949 612.587 467.26 595.153 431.051 CV 0.823242
632.538 406.918 653.602 447.672 633.462 458.082 612.398 417.328 CV 0.817383
263.182 612.406 278.565 638.852 261.818 648.594 246.435 622.148 CV 0.646484
229.538 626.539 249.772 626.617 249.712 642.461 229.478 642.383 CV 0.632812
638.517 271.842 652.854 297.517 636.483 306.658 622.146 280.983 CV 0.486816
629.697 380.767 642.142 380.671 642.303 401.733 629.858 401.829 CV 0.435303
