441.88 397.892 484.825 436.55 468.12 455.108 425.175 416.45 CV 0.90625
244.468 22.2994 295.632 66.7095 277.032 88.1381 225.868 43.728 CV 0.905273
419.669 422.489 461.008 456.4 445.331 475.511 403.992 441.6 CV 0.904297
569.629 286.674 611.548 316.484 596.371 337.826 554.452 308.016 CV 0.898438
191.935 374.139 235.113 406.361 219.815 426.861 176.637 394.639 CV 0.89502
187.812 292.123 225.817 326.132 209.938 343.877 171.933 309.868 CV 0.892578
385.272 472.499 428.102 503.559 414.728 522.001 371.898 490.941 CV 0.890625
522.629 319.26 565.11 356.794 548.371 375.74 505.89 338.206 CV 0.890625
362.268 489.019 400.395 522.937 385.232 539.982 347.105 506.063 CV 0.884766
465.378 383.599 503.629 416.572 489.122 433.401 450.871 400.428 CV 0.882812
253.148 314.674 295.724 349.047 279.352 369.326 236.776 334.953 CV 0.880859
397.891 444.114 440.679 476.438 425.609 496.386 382.821 464.062 CV 0.880859
294.923 464.423 341.426 497.493 326.077 519.077 279.574 486.007 CV 0.87793
337.009 505.749 375.618 537.421 360.991 555.251 322.382 523.579 CV 0.875977
603.967 234.947 644.474 270.42 629.033 288.053 588.526 252.58 CV 0.868164
323.546 527.365 362.125 565.105 345.954 581.635 307.375 543.895 CV 0.84375
603.436 536.714 619.699 555.618 580.564 589.286 564.301 570.382 CV 0.84375
107.28 500.404 130.365 521.513 73.5953 583.596 50.5103 562.487 CV 0.81543
278.04 483.779 323.193 520.233 307.46 539.721 262.307 503.267 CV 0.687988
305.832 220.324 350.871 254.799 333.168 277.926 288.129 243.451 CV 0.539551
472.205 606.902 510.808 626.474 496.295 655.098 457.692 635.526 CV 0.525879
503.287 338.515 536.194 370.613 520.713 386.485 487.806 354.387 CV 0.254883
