397.23 509.016 404.914 574.567 375.77 577.984 368.086 512.433 AFV 0.939453
425.366 427.495 432.02 490.645 400.134 494.005 393.48 430.855 AFV 0.939453
387.258 429.987 398.267 498.356 366.242 503.513 355.233 435.144 AFV 0.938477
274.893 435.603 291.554 497.202 263.107 504.897 246.446 443.298 AFV 0.931641
334.564 361.991 346.069 422.151 315.436 428.009 303.931 367.849 AFV 0.925781
289.687 511.488 306.642 574.173 275.813 582.512 258.858 519.827 AFV 0.920898
460.474 423.208 466.054 483.513 436.026 486.292 430.446 425.987 AFV 0.919922
416.739 351.884 424.063 409.041 392.261 413.116 384.937 355.959 AFV 0.918945
437.299 506.085 442.771 573.049 407.701 575.915 402.229 508.951 AFV 0.917969
146.146 532.446 160 597.614 127.354 604.554 113.5 539.386 AFV 0.917969
499.05 417.674 503.501 483.148 471.45 485.326 466.999 419.852 AFV 0.917969
491.232 351.029 495.409 410.758 463.768 412.971 459.591 353.242 AFV 0.915039
604.279 412.033 606.053 478.072 572.721 478.967 570.947 412.928 AFV 0.914062
453.102 343.743 463.138 406.065 430.898 411.257 420.862 348.935 AFV 0.912109
236.926 410.814 249.832 471.52 220.824 477.686 207.918 416.98 AFV 0.912109
297.452 366.191 310.78 425.461 282.548 431.809 269.22 372.539 AFV 0.90918
593.254 333.381 600.388 397.486 567.746 401.119 560.612 337.014 AFV 0.908203
614.112 493.604 614.947 556.973 582.888 557.396 582.053 494.027 AFV 0.904297
377.25 358.159 385.303 415.25 352.75 419.841 344.697 362.75 AFV 0.904297
528.803 343.278 536.002 409.136 503.197 412.722 495.998 346.864 AFV 0.902344
326.581 502.635 339.093 567.374 302.919 574.365 290.407 509.626 AFV 0.898438
86.9192 462.094 101.242 529.143 69.5808 535.906 55.2584 468.857 AFV 0.897461
314.617 428.634 328.214 496.154 294.883 502.866 281.286 435.346 AFV 0.895508
536.604 415.758 544.843 478.595 509.396 483.242 501.157 420.405 AFV 0.894531
632.555 329.529 637.493 392.21 602.445 394.971 597.507 332.29 AFV 0.883789
504.308 493.915 513.872 553.306 484.192 558.085 474.628 498.694 AFV 0.879883
131.442 457.42 146.91 520.167 114.808 528.08 99.3403 465.333 AFV 0.878906
34.4232 602.112 70.2955 601.672 70.7643 639.888 34.892 640.328 AFV 0.873047
405.098 581.692 411.423 641.169 381.902 644.308 375.577 584.831 AFV 0.873047
443.902 578.813 451.676 640.922 417.598 645.187 409.824 583.078 AFV 0.867188
192.992 514.591 205.269 579.82 170.258 586.409 157.981 521.18 AFV 0.866211
304.585 583.659 314.251 636.724 283.415 642.341 273.749 589.276 AFV 0.861328
171.401 443.926 193.738 502.599 163.599 514.074 141.262 455.401 AFV 0.854004
638.927 409.798 641.516 476.873 607.073 478.202 604.484 411.127 AFV 0.851562
105.028 538.473 120.248 606.157 87.4724 613.527 72.2523 545.843 AFV 0.845703
199.772 586.861 208.929 637.699 178.728 643.139 169.571 592.301 AFV 0.839844
267.517 554.077 274.099 619.622 241.233 622.923 234.651 557.378 AFV 0.826172
642.046 485.122 645.704 550.206 615.954 551.878 612.296 486.794 AFV 0.812012
615.242 576.072 619.798 638.593 587.758 640.928 583.202 578.407 AFV 0.812012
87.4649 615.788 115.996 615.744 116.035 641.212 87.5039 641.256 AFV 0.808594
262.812 366.409 279.652 426.792 251.688 434.591 234.848 374.208 AFV 0.79248
45.9099 479.374 50.2466 538.089 15.9026 540.626 11.5659 481.911 AFV 0.775391
249.701 474.748 262.696 521.345 232.549 529.752 219.554 483.155 AFV 0.770996
644.644 566.773 648.912 635.516 621.356 637.227 617.088 568.484 AFV 0.736816
58.6073 536.122 67.4545 593.19 30.7677 598.878 21.9205 541.81 AFV 0.683594
5.30591 623.689 30.7532 623.143 31.1003 639.311 5.65308 639.857 AFV 0.652832
23.2683 566.865 29.8287 625.813 -0.0182533 629.135 -6.57873 570.187 AFV 0.638672
-1.04069 543.474 24.4843 542.907 25.0094 566.526 -0.515501 567.093 AFV 0.615234
9.91915 488.72 16.7186 541.786 -2.74727 544.28 -9.54671 491.214 AFV 0.47168
-5.30504 600.447 35.5111 601.95 34.2738 635.553 -6.5423 634.05 AFV 0.455078
234.811 519.732 262.515 520.625 261.689 546.268 233.985 545.375 AFV 0.438965
