576.748 241.895 589.496 258.857 549.252 289.105 536.504 272.143 CV 0.908203
472.197 381.869 487.49 400.849 446.803 433.631 431.51 414.651 CV 0.899414
175.407 238.992 190.926 255.585 149.843 294.008 134.324 277.415 CV 0.897461
591.841 93.5641 607.243 111.97 565.159 147.186 549.757 128.78 CV 0.874023
488.555 75.3459 503.212 91.5005 466.945 124.404 452.288 108.249 CV 0.864746
391.46 25.0442 410.027 44.4743 362.04 90.3308 343.473 70.9007 CV 0.821289
443.047 221.396 459.934 241.697 408.953 284.104 392.066 263.803 CV 0.819336
92.8389 506.06 111.181 528.825 58.9111 570.94 40.5692 548.175 CV 0.807617
600.236 39.0117 614.362 58.5498 567.764 92.2383 553.638 72.7002 CV 0.784668
168.285 334.958 190.374 360.558 66.9646 467.042 44.8755 441.442 CV 0.669922
208.009 293.081 232.831 321.148 102.491 436.419 77.6686 408.352 CV 0.623047
634.619 239.199 650.513 248.728 636.381 272.301 620.487 262.772 CV 0.590332
209.369 311.456 230.499 339.828 64.3809 463.544 43.2514 435.172 CV 0.276611
