415.106 131.004 436.025 133.454 431.394 172.996 410.475 170.546 SMV 0.960938
132.418 22.8375 153.516 25.5043 148.582 64.5375 127.484 61.8707 SMV 0.960938
181.393 30.0055 202.686 33.1976 196.607 73.7445 175.314 70.5524 SMV 0.956055
230.635 39.2581 252.537 42.1624 247.115 83.0544 225.213 80.1501 SMV 0.955078
472.051 75.548 492.712 77.7748 488.449 117.327 467.788 115.1 SMV 0.945312
155.872 26.6502 176.003 29.1161 171.128 68.9124 150.997 66.4464 SMV 0.943359
447.495 71.8902 469.951 74.0832 466.005 114.485 443.549 112.292 SMV 0.942383
253.901 42.7451 274.68 44.9038 270.599 84.1924 249.82 82.0337 SMV 0.941406
376.916 62.5222 397.54 65.6449 391.584 104.978 370.96 101.855 SMV 0.938477
302.817 47.4749 322.964 50.7143 316.683 89.7751 296.536 86.5357 SMV 0.9375
280.387 46.1276 300.462 49.4209 294.113 88.1224 274.038 84.8291 SMV 0.935547
206.752 33.9428 227.626 37.1868 221.498 76.6197 200.624 73.3757 SMV 0.935547
317.363 115.128 338.771 116.74 335.637 158.372 314.229 156.76 SMV 0.935547
352.293 58.0924 373.291 60.7961 368.207 100.283 347.209 97.5789 SMV 0.935547
391.017 126.435 412.126 128.253 408.483 170.565 387.374 168.747 SMV 0.932617
400.312 67.3475 420.332 70.174 414.688 110.153 394.668 107.326 SMV 0.931641
265.18 106.12 286.72 107.112 284.82 148.38 263.28 147.388 SMV 0.931641
341.873 120.457 363.728 122.356 360.127 163.793 338.272 161.894 SMV 0.931641
493.737 79.8309 514.837 82.0724 510.763 120.419 489.663 118.178 SMV 0.929688
327.394 54.0916 348.899 57.1278 343.106 98.1584 321.601 95.1222 SMV 0.929688
421.965 67.5586 443.646 69.4758 440.035 110.316 418.354 108.399 SMV 0.921875
98.3103 79.3658 120.255 81.6455 115.815 124.384 93.8703 122.104 SMV 0.919922
109.387 18.504 129.139 20.7097 124.738 60.121 104.986 57.9153 SMV 0.918945
33.8408 8.21498 55.6658 9.90879 52.4717 51.0663 30.6467 49.3725 SMV 0.918945
10.0143 5.43822 31.4632 7.64927 27.3294 47.7493 5.8806 45.5382 SMV 0.916016
243.699 100.668 265.216 102.487 261.551 145.832 240.034 144.013 SMV 0.915039
81.8347 18.8147 103.189 21.9147 97.4153 61.6853 76.0611 58.5853 SMV 0.914062
125.886 85.26 146.477 87.5593 141.864 128.865 121.273 126.566 SMV 0.908203
437.714 136.047 458.173 138.252 453.786 178.953 433.327 176.748 SMV 0.908203
287.099 303.584 309.957 307.748 295.901 384.916 273.043 380.752 LMV 0.902344
147.913 89.612 169.412 91.6295 165.587 132.388 144.088 130.37 SMV 0.898438
161.914 279.674 188.23 282.204 180.336 364.326 154.02 361.796 LMV 0.896484
188.322 283.961 213.458 287.198 203.178 367.039 178.042 363.802 LMV 0.892578
382.411 319.42 405.918 323.018 393.589 403.58 370.082 399.982 LMV 0.886719
262.58 297.39 288.37 302.108 273.92 381.11 248.13 376.392 LMV 0.886719
66.4149 274.045 93.4592 277.863 83.2101 350.455 56.1658 346.637 LMV 0.883789
332.747 312.384 356.605 315.753 345.753 392.616 321.895 389.247 LMV 0.883789
139.398 278.536 165.029 282.196 153.852 360.464 128.221 356.804 LMV 0.882812
309.804 307.377 332.148 310.727 320.696 387.123 298.352 383.773 LMV 0.874023
356.641 312.46 382.378 316.357 369.859 399.04 344.122 395.143 LMV 0.874023
26.3669 68.569 49.3065 71.0937 44.6331 113.556 21.6935 111.031 SMV 0.868164
15.6 269.088 42.13 271.679 35.3687 340.912 8.83871 338.321 LMV 0.867188
432.995 327.963 458.239 332.883 443.005 411.037 417.761 406.117 LMV 0.863281
484.911 141.454 507.207 143.822 502.589 187.296 480.293 184.928 SMV 0.859863
405.464 324.581 428.298 327.592 418.036 405.419 395.202 402.408 LMV 0.857422
94.0231 377.008 158.522 389.114 153.852 413.992 89.3533 401.886 LMV 0.857422
209.066 288.568 235.253 290.782 228.434 371.432 202.247 369.218 LMV 0.847168
2.33059 61.1552 23.2264 63.2448 18.9663 105.845 -1.92949 103.755 SMV 0.837891
98.5847 221.296 123.213 224.562 117.79 265.454 93.1622 262.188 SMV 0.830078
238.918 293.494 260.866 296.525 250.582 371.006 228.634 367.975 LMV 0.828613
52.6892 215.697 74.7956 218.08 70.8108 255.053 48.7044 252.67 SMV 0.822266
76.1486 219.395 97.1376 221.494 93.1014 261.855 72.1124 259.756 SMV 0.795898
148.901 228.539 172.468 230.932 168.099 273.961 144.532 271.568 SMV 0.787109
-1.29947 3.74901 8.40008 4.35959 5.9401 43.4385 -3.75946 42.8279 SMV 0.785645
177.323 232.758 199.742 236.895 191.927 279.242 169.508 275.105 SMV 0.767578
3.4224 206.285 26.4373 208.373 22.937 246.965 -0.0779219 244.877 SMV 0.760742
236.344 593.094 257.571 602.771 237.906 645.906 216.679 636.229 SMV 0.759277
212.269 581.033 232.627 590.051 212.731 634.967 192.373 625.949 SMV 0.677734
528.888 -2.69367 566.469 0.135293 565.112 18.1624 527.531 15.3335 SMV 0.67041
125.49 226.409 147.347 229.41 141.76 270.091 119.903 267.09 SMV 0.657715
27.7078 210.927 49.8699 212.903 46.6672 248.823 24.5051 246.847 SMV 0.642578
167.699 558.982 190.147 572.709 163.051 617.018 140.603 603.291 SMV 0.620605
358.238 261.489 399.619 266.269 396.762 291.011 355.381 286.231 SMV 0.5625
0.479494 270.439 14.4937 271.396 10.1768 334.561 -3.83743 333.604 LMV 0.5625
436.796 46.3644 474.277 48.3198 473.204 68.8856 435.723 66.9302 SMV 0.550781
462.124 130.511 483.691 133.777 477.376 175.489 455.809 172.223 SMV 0.425781
125.789 226.67 147.775 230.087 141.211 272.33 119.225 268.913 LMV 0.42041
199.998 236.008 221.642 239.285 215.252 281.492 193.608 278.215 LMV 0.412109
189.991 569.339 211.395 581.1 188.009 623.661 166.605 611.9 SMV 0.400391
294.105 247.521 335.714 251.941 332.895 278.479 291.286 274.059 SMV 0.334717
82.6546 512.539 105.809 523.034 85.2204 568.461 62.0657 557.966 LMV 0.297363
126.319 531.45 146.345 542.113 120.556 590.55 100.53 579.887 MCV 0.256348
267.892 243.904 292.103 245.279 290.608 271.596 266.397 270.221 SMV 0.255127
198.733 237.343 220.855 239.419 217.267 277.657 195.145 275.581 SMV 0.254883
