444.539 598.593 462.618 633.572 447.461 641.407 429.382 606.428 CV 0.925781
541.506 543.576 558.628 579.137 543.494 586.424 526.372 550.863 CV 0.925781
427.311 605.934 442.793 639.677 426.689 647.066 411.207 613.323 CV 0.914062
562.637 533.561 577.12 568.49 560.363 575.439 545.88 540.51 CV 0.90918
465.665 581.224 485.256 624.701 467.335 632.776 447.744 589.299 CV 0.907227
505.667 562.195 524.68 601.389 507.333 609.805 488.32 570.611 CV 0.907227
598.152 510.533 618.232 546.994 602.848 555.467 582.768 519.006 CV 0.902344
525.382 553.621 543.216 588.375 527.618 596.379 509.784 561.625 CV 0.895508
620.832 501.66 639.563 539.148 623.168 547.34 604.437 509.852 CV 0.894531
584.152 526.643 600.222 562.59 582.848 570.357 566.778 534.41 CV 0.886719
484.834 571.117 503.663 613.566 487.166 620.883 468.337 578.434 CV 0.870117
634.244 486.832 651.942 516.519 635.756 526.168 618.058 496.481 CV 0.700684
602.593 315.739 611.383 333.46 564.407 356.761 555.617 339.04 CV 0.696777
406.836 612.286 418.588 641.512 403.164 647.714 391.412 618.488 CV 0.484863
249.77 377.951 265.729 406.335 250.23 415.049 234.271 386.665 CV 0.474609
466.443 386.139 481.755 409.507 472.057 415.861 456.745 392.493 CV 0.311768
215.973 391.976 229.467 420.283 214.277 427.524 200.783 399.217 CV 0.30957
