294.61 443.894 309.668 469.152 228.39 517.606 213.332 492.348 LMV 0.862305
357.875 508.083 371.609 532.734 285.125 580.917 271.391 556.266 LMV 0.839844
270.941 408.454 287.475 433.525 205.559 487.546 189.025 462.475 LMV 0.826172
306.671 483.168 321.342 506.465 258.829 545.832 244.158 522.535 LMV 0.761719
205.256 171.704 225.498 198.554 67.9936 317.296 47.7517 290.446 LMV 0.741699
235.795 219.367 252.073 245.16 89.7051 347.633 73.4269 321.84 LMV 0.640137
232.22 148.822 252.473 176.636 84.5305 298.928 64.2772 271.114 LMV 0.632324
175.175 318.338 195.952 340.837 149.575 383.662 128.798 361.163 LMV 0.550781
218.673 368.603 234.955 393.109 177.327 431.397 161.045 406.891 MCV 0.36792
222.105 367.468 238.626 393.198 178.145 432.032 161.624 406.302 LMV 0.349365
224.849 138.458 254.75 172.671 133.901 278.292 104 244.079 LMV 0.277344
