116.036 97.8493 162.587 102.794 160.464 122.776 113.913 117.831 CV 0.935547
229.247 162.326 269.645 166.618 267.753 184.424 227.355 180.132 CV 0.933594
110.736 142.941 158.109 145.961 156.764 167.059 109.391 164.039 CV 0.933594
119.257 75.4871 165.641 81.0627 163.243 101.013 116.859 95.4373 CV 0.923828
114.262 120.896 152.553 124.251 150.988 142.104 112.697 138.749 CV 0.923828
128.595 54.4977 168.791 59.703 166.405 78.1273 126.209 72.922 CV 0.921875
236.817 118.965 277.146 123.312 275.182 141.535 234.854 137.188 CV 0.920898
244.513 98.7336 280.666 102.126 278.987 120.016 242.834 116.624 CV 0.917969
246.951 73.514 284.847 77.0702 283.049 96.236 245.153 92.6798 CV 0.917969
234.023 141.068 276.602 145.226 274.727 164.432 232.148 160.274 CV 0.908203
232.747 184.606 270.168 187.48 268.753 205.894 231.332 203.02 CV 0.900391
224.078 206.161 266.771 211.292 264.422 230.839 221.729 225.708 CV 0.882812
