280.074 568.712 283.896 586.605 247.926 594.288 244.104 576.395 SMV 0.923828
209.467 340.046 214.31 358.823 175.033 368.954 170.19 350.177 SMV 0.919922
268.409 522.117 272.551 541.508 233.341 549.883 229.199 530.492 SMV 0.910156
274.629 545.554 279.14 565.616 239.871 574.446 235.36 554.384 SMV 0.904297
287.204 587.293 291.769 606.621 253.296 615.707 248.731 596.379 SMV 0.890625
215.076 361.433 220.77 380.475 183.674 391.567 177.98 372.525 SMV 0.880859
244.432 447.38 250.917 467.091 211.318 480.12 204.833 460.409 SMV 0.878906
202.576 316.679 208.175 336.384 167.924 347.821 162.325 328.116 SMV 0.873047
420.646 330.694 427.934 353.216 365.854 373.306 358.566 350.784 LMV 0.870605
262.422 497.308 266.848 517.453 227.078 526.192 222.652 506.047 SMV 0.867188
379.514 203.576 386.961 226.21 322.486 247.424 315.039 224.79 LMV 0.858398
366.254 141.876 372.42 165.781 303.246 183.624 297.08 159.719 LMV 0.851562
477.327 206.534 483.766 229.621 420.673 247.216 414.234 224.129 LMV 0.851562
407.874 251.861 413.797 274.279 338.626 294.139 332.703 271.721 LMV 0.847168
294.062 611.185 298.79 630.361 260.438 639.815 255.71 620.639 SMV 0.845215
472.384 179.779 479.159 205.624 410.116 223.721 403.341 197.876 LMV 0.845215
373.443 178.637 380.345 203.574 311.557 222.613 304.655 197.676 LMV 0.845215
454.14 125.963 460.772 149.743 397.86 167.287 391.228 143.507 LMV 0.837891
411.12 302.32 418.308 326.623 353.88 345.68 346.692 321.377 LMV 0.837891
403.815 278.303 409.153 301.204 342.685 316.697 337.347 293.796 LMV 0.831543
388.074 230.477 394.986 252.643 330.426 272.773 323.514 250.607 LMV 0.823242
412.996 483.02 425.665 550.338 401.004 554.98 388.335 487.662 LMV 0.811523
639.508 195.417 645.146 224.437 586.492 235.833 580.854 206.813 LMV 0.797852
636.381 158.387 642.365 188.405 578.619 201.113 572.635 171.095 LMV 0.786133
640.203 235.379 642.766 262.493 593.797 267.121 591.234 240.007 LMV 0.78125
520.766 466.02 528.698 489.893 465.234 510.98 457.302 487.107 LMV 0.770996
444.246 358.775 449.128 380.29 409.754 389.225 404.872 367.71 SMV 0.740723
424.468 64.0586 436.561 86.1177 357.532 129.441 345.439 107.382 LMV 0.713379
328.904 -4.63981 329.626 82.4197 303.096 82.6398 302.374 -4.4197 LMV 0.671875
63.3319 583.665 68.1355 615.682 3.79308 625.335 -1.01045 593.318 LMV 0.638184
49.2786 495.641 54.3473 522.145 0.940155 532.359 -4.12853 505.855 MCV 0.589355
370.196 418.523 409.008 474.13 386.304 489.977 347.492 434.37 LMV 0.57373
642.465 121.318 648.319 148.859 571.535 165.182 565.681 137.641 LMV 0.4375
603.887 295.365 639.189 299.663 635.113 333.135 599.811 328.837 LMV 0.409912
639.552 14.1733 643.669 45.8129 536.448 59.7642 532.331 28.1246 LMV 0.363037
642.118 46.6574 647.384 72.8044 547.882 92.8426 542.616 66.6956 LMV 0.349365
640.925 88.573 647.475 119.384 559.075 138.177 552.525 107.366 LMV 0.27832
