122.4 268.311 158.386 275.293 145.6 341.189 109.614 334.207 SMV 0.882812
39.9104 252.402 72.5942 256.482 64.4021 322.098 31.7183 318.018 SMV 0.825684
80.601 258.616 116.841 266.956 101.899 331.884 65.6588 323.544 SMV 0.798828
178.422 57.7518 213.037 66.5592 196.578 131.248 161.963 122.441 AFV 0.77832
36.6003 36.2297 71.0061 37.708 68.0872 105.645 33.6814 104.167 AFV 0.755859
1.67481 457.052 33.1573 464.601 16.5283 533.948 -14.9542 526.399 SMV 0.740234
132.08 51.5237 166.562 56.5295 157.17 121.226 122.688 116.22 AFV 0.739746
37.2244 471.651 71.5106 478.988 56.0256 551.349 21.7394 544.012 SMV 0.705078
-3.43142 30.9448 25.1115 34.6411 16.0252 104.805 -12.5177 101.109 AFV 0.664062
90.1654 46.3993 124.876 48.051 121.71 114.601 86.9988 112.949 AFV 0.649902
177.136 58.2431 212.871 65.0366 200.614 129.507 164.879 122.713 SMV 0.500977
-1.56909 243.997 30.4898 247.203 23.9597 312.503 -8.09914 309.297 AFV 0.448242
-2.8306 243.418 30.0887 246.811 23.2056 313.582 -9.71371 310.189 SMV 0.432861
-0.227318 593.607 9.77233 593.691 9.55544 619.393 -0.444201 619.309 SMV 0.365967
90.848 44.6982 125.096 46.8016 121.027 113.052 86.7791 110.948 SMV 0.33667
-0.397029 528.333 20.0331 529.823 15.7408 588.667 -4.68931 587.177 SMV 0.305176
9.20566 599.829 48.243 605.433 42.8256 643.171 3.78827 637.567 SMV 0.280518
