629.368 256.479 647.536 267.858 623.632 306.021 605.464 294.642 CV 0.886719
367.623 566.088 379.586 580.076 349.377 605.912 337.414 591.924 CV 0.857422
599.102 305.225 617.47 318.328 592.898 352.775 574.53 339.672 CV 0.832031
521.494 369.632 543.179 369.998 542.506 409.868 520.821 409.502 CV 0.819824
457.963 311.083 480.478 311.325 480.037 352.417 457.522 352.175 CV 0.65625
479.441 468.963 492.184 486.589 459.059 510.537 446.316 492.911 CV 0.620605
440.008 402.82 449.895 420.689 420.992 436.68 411.105 418.811 CV 0.583008
449.001 500.706 460.869 515.202 428.999 541.294 417.131 526.798 CV 0.474609
287.79 215.151 304.01 229.666 275.21 261.849 258.99 247.334 CV 0.366943
406.078 536.93 417.9 551.242 385.422 578.07 373.6 563.758 CV 0.345703
