156.077 313.638 182.836 338.323 169.423 352.862 142.664 328.177 CV 0.914062
143.784 264.94 170.119 289.163 158.716 301.56 132.381 277.337 CV 0.912109
308.86 68.465 352.678 95.5839 340.64 115.035 296.822 87.9161 CV 0.911133
208.432 267.034 235.847 293.438 222.818 306.966 195.403 280.562 CV 0.90625
267.39 128.426 295.152 153.589 283.61 166.324 255.848 141.161 CV 0.905273
298.126 99.5947 324.157 130.703 309.874 142.655 283.843 111.547 CV 0.902344
232.352 247.712 261.218 278.306 246.398 292.288 217.532 261.694 CV 0.899414
175.08 45.5833 204.128 68.2484 193.17 82.2917 164.122 59.6266 CV 0.897461
131.434 81.1761 168.957 110.809 155.816 127.449 118.293 97.8159 CV 0.895508
362.197 98.8144 395.608 117.881 386.803 133.311 353.392 114.244 CV 0.89502
33.4338 193.973 61.3101 220.663 48.7537 233.777 20.8774 207.087 CV 0.894531
173.288 295.424 205.612 320.646 193.962 335.576 161.638 310.354 CV 0.890625
54.7264 177.436 85.2425 205.423 72.2736 219.564 41.7575 191.577 CV 0.890625
10.2571 53.8057 41.4757 76.6556 30.7429 91.3193 -0.475735 68.4694 CV 0.888672
39.4381 19.0353 71.6137 45.9329 60.2494 59.5272 28.0738 32.6296 CV 0.883789
456.551 297.315 470.865 308.836 448.449 336.685 434.135 325.164 CV 0.883789
205.06 193.418 237.147 218.13 225.44 233.332 193.353 208.62 CV 0.882812
185.977 210.154 222.215 244.649 207.273 260.346 171.035 225.851 CV 0.880859
108.552 135.483 139.282 158.416 128.198 173.267 97.4684 150.334 CV 0.879883
630.82 66.0172 649.582 75.062 631.18 113.233 612.418 104.188 CV 0.876953
51.8633 4.29248 88.6153 29.4939 78.0117 44.9575 41.2597 19.7561 CV 0.874023
358.732 226.809 391.613 243.57 383.268 259.941 350.387 243.18 CV 0.870117
170.209 231.889 200.928 258.711 188.791 272.611 158.072 245.789 CV 0.868164
92.8545 298.361 124.447 322.691 111.395 339.639 79.8031 315.309 CV 0.867188
220.723 174.584 249.012 196.238 237.777 210.916 209.488 189.262 CV 0.860352
22.3348 36.9784 54.8439 62.1662 43.9152 76.2716 11.4061 51.0838 CV 0.860352
279.013 195.964 306.883 223.469 293.987 236.536 266.117 209.031 CV 0.856445
285.351 175.498 318.966 202.313 306.649 217.752 273.034 190.937 CV 0.856445
244.012 136.29 281.267 168.215 267.988 183.71 230.733 151.785 CV 0.855469
189.635 31.191 219.764 55.9061 208.615 69.4965 178.486 44.7814 CV 0.854492
247.461 230.362 274.009 258.417 260.039 271.638 233.491 243.583 CV 0.853027
152.422 61.8319 187.927 92.4373 173.828 108.793 138.323 78.1877 CV 0.851562
572.716 110.66 589.839 120.376 570.284 154.84 553.161 145.124 CV 0.850586
233.955 158.275 266.44 182.198 256.295 195.975 223.81 172.052 CV 0.850586
119.881 105.838 158.811 130.808 147.119 149.037 108.189 124.067 CV 0.849609
517.546 248.718 534.581 260.29 509.454 297.282 492.419 285.71 CV 0.848633
389.511 430.445 411.493 444.621 373.489 503.555 351.507 489.379 CV 0.845703
199.793 9.96446 229.708 33.4478 218.207 48.098 188.292 24.6147 CV 0.845703
156.114 246.411 192.623 279.373 178.886 294.589 142.377 261.627 CV 0.837891
266.369 217.855 291.051 243.458 277.631 256.395 252.949 230.792 CV 0.823242
121.14 273.282 149.027 298.633 134.86 314.218 106.973 288.867 CV 0.802246
15.0754 209.279 43.0406 233.696 28.6121 250.221 0.646893 225.804 CV 0.789062
65.8049 -12.8658 102.463 13.6095 91.3201 29.0377 54.6623 2.5624 CV 0.788086
629.069 124.503 644.635 126.036 641.931 153.497 626.365 151.964 CV 0.570312
0.71608 73.6892 23.8353 96.1739 8.62767 111.811 -14.4916 89.3261 CV 0.569336
91.1149 -7.99111 113.69 -1.29552 109.26 13.6395 86.6852 6.94395 CV 0.529297
333.644 483.195 348.196 496.501 321.856 525.305 307.304 511.999 CV 0.515137
