403.389 462.436 407.062 482.605 366.111 490.064 362.438 469.895 SMV 0.89502
404.526 487.3 408.175 506.901 368.974 514.2 365.325 494.599 SMV 0.888672
302.854 481.092 308.691 501.557 270.646 512.408 264.809 491.943 SMV 0.858887
388.908 301.321 393.012 326.805 328.592 337.179 324.488 311.695 LMV 0.84375
350.528 475.748 354.283 495.695 311.472 503.752 307.717 483.805 SMV 0.842773
424.987 350.527 431.881 375.434 368.513 392.973 361.619 368.066 LMV 0.836914
484.103 308.632 488.422 332.605 425.897 343.868 421.578 319.895 LMV 0.831543
430.456 414.101 435.326 433.853 392.544 444.399 387.674 424.647 SMV 0.821289
318.231 312.791 323.77 339.887 251.269 354.709 245.73 327.613 LMV 0.81543
336.349 408.718 341.912 429.777 302.151 440.282 296.588 419.223 SMV 0.80957
487.43 283.122 491.474 308.236 416.07 320.378 412.026 295.264 LMV 0.807617
452.61 469.127 457.236 488.215 417.39 497.873 412.764 478.785 SMV 0.804688
361.462 496.69 365.227 515.106 327.538 522.81 323.773 504.395 SMV 0.750977
385.558 429.312 389.451 449.455 349.442 457.188 345.549 437.045 SMV 0.739746
418.683 385.205 423.584 407.613 379.317 417.295 374.416 394.887 SMV 0.736328
443.209 444.975 449.251 465.625 410.291 477.025 404.249 456.375 SMV 0.67334
528.493 420.408 533.768 443.244 463.007 459.592 457.732 436.756 LMV 0.599121
501.213 360.9 506.546 382.903 458.287 394.6 452.954 372.597 SMV 0.571289
561.639 480.222 564.066 503.251 516.361 508.278 513.934 485.249 SMV 0.571289
516.245 489.111 518.974 510.091 478.255 515.389 475.525 494.409 SMV 0.547852
130.409 523.214 153.731 523.733 152.841 563.786 129.519 563.267 SMV 0.544922
502.867 359.852 508.574 383.002 447.133 398.148 441.426 374.998 LMV 0.525391
511.857 391.127 516.111 411.628 469.143 421.373 464.889 400.872 SMV 0.479492
548.228 558.938 556.375 636.26 529.772 639.062 521.625 561.74 LMV 0.37793
432.396 575.654 437.344 636.202 411.104 638.346 406.156 577.798 SMV 0.37207
466.882 404.696 470.765 423.407 435.118 430.804 431.235 412.093 SMV 0.350342
199.69 415.99 201.375 437.393 161.81 440.51 160.125 419.107 SMV 0.347656
270.799 516.205 276.802 536.72 238.951 547.795 232.948 527.28 SMV 0.325195
431.683 580.642 437.501 639.731 410.817 642.358 404.999 583.269 LMV 0.292969
516.464 391.098 521.034 410.199 470.036 422.402 465.466 403.301 LMV 0.281738
375.649 395.175 382.33 419.314 344.351 429.825 337.67 405.686 SMV 0.272949
521.328 589.183 524.257 640.411 499.672 641.817 496.743 590.589 SMV 0.271484
456.337 554.393 466.326 634.208 439.163 637.607 429.174 557.792 LMV 0.263184
