280.63 201.909 301.181 205.295 294.87 243.591 274.319 240.205 SMV 0.966797
371.459 218.129 391.983 220.963 386.541 260.371 366.017 257.537 SMV 0.955078
213.694 186.014 236.462 189.783 229.806 229.986 207.038 226.217 SMV 0.955078
443.933 232.857 465.374 235.785 460.067 274.643 438.626 271.715 SMV 0.955078
348.068 213.521 368.489 216.183 363.432 254.979 343.011 252.317 SMV 0.953125
303.22 206.708 323.222 209.66 317.78 246.542 297.778 243.59 SMV 0.948242
419.381 226.504 441.056 229.786 435.119 268.996 413.444 265.714 SMV 0.943359
135.905 171.121 156.265 173.887 150.595 215.629 130.235 212.863 SMV 0.943359
395.611 221.955 416.011 224.884 410.389 264.045 389.989 261.116 SMV 0.941406
551.703 154.648 618.478 164.076 615.297 186.602 548.522 177.174 LMV 0.931641
573.673 36.1267 639.039 43.7815 636.327 66.9358 570.961 59.281 LMV 0.928711
238.199 193.271 258.61 196.827 252.051 234.479 231.64 230.923 SMV 0.927734
52.0367 155.803 70.7702 157.141 67.9633 196.447 49.2298 195.109 SMV 0.925781
71.8982 158.665 90.9924 160.206 87.9768 197.585 68.8826 196.044 SMV 0.925781
160.04 177.99 179.833 180.632 174.71 219.01 154.917 216.368 SMV 0.923828
558.027 128.754 623.01 136.968 619.973 160.996 554.99 152.782 LMV 0.923828
560.018 94.9703 623.72 102.328 620.982 126.03 557.28 118.672 LMV 0.923828
184.436 182.786 206.098 185.71 200.564 226.714 178.902 223.79 SMV 0.921875
544.796 185.649 612.135 194.161 609.204 217.351 541.865 208.839 LMV 0.920898
466.641 236.687 488.398 238.627 484.859 278.313 463.102 276.373 SMV 0.918945
91.7533 160.471 111.138 162.861 106.247 202.529 86.8622 200.139 SMV 0.917969
326.074 209.595 346.171 212.652 340.426 250.405 320.329 247.348 SMV 0.917969
565.883 67.9256 627.385 73.7917 625.117 97.5744 563.615 91.7083 LMV 0.914062
259.92 196.348 279.673 200.198 272.08 239.152 252.327 235.302 SMV 0.905273
112.137 170.301 131.312 172.606 126.613 211.699 107.438 209.394 SMV 0.895508
33.3778 151.912 51.9593 154.175 47.4347 191.338 28.8532 189.075 SMV 0.880859
542.167 212.829 606.625 220.174 603.833 244.671 539.375 237.326 LMV 0.874023
55.8938 495.473 112.501 531.547 97.8562 554.527 41.249 518.453 LMV 0.825195
50.9111 447.37 126.794 506.58 109.589 528.63 33.7057 469.42 LMV 0.818359
622.59 306.124 644.463 309.351 638.41 350.376 616.537 347.149 SMV 0.803711
571.149 10.2558 637.169 17.1143 634.851 39.4317 568.831 32.5732 LMV 0.788086
551.667 241.879 618.508 248.049 616.333 271.621 549.492 265.451 LMV 0.769531
383.326 578.766 404.792 595.298 360.174 653.234 338.708 636.702 LMV 0.725098
572.707 -7.99158 639.146 -0.933677 637.293 16.515 570.854 9.45711 LMV 0.663574
-0.171121 144.699 12.2525 145.758 8.85862 185.551 -3.56503 184.492 SMV 0.458008
53.19 540.616 95.2317 565.541 84.06 584.384 42.0183 559.459 SMV 0.366943
