96.1643 165.793 134.685 181.567 127.461 199.207 88.9404 183.433 CV 0.918945
92.0157 14.7627 128.286 28.754 121.734 45.7373 85.4643 31.746 CV 0.914062
98.0842 91.8109 133.114 106.376 125.916 123.689 90.8856 109.124 CV 0.910156
103.09 271.78 135.033 283.426 128.91 300.22 96.967 288.574 CV 0.89502
366.032 51.9121 366.722 70.2741 328.468 71.7129 327.778 53.3509 CV 0.854004
366.148 72.1877 366.995 89.3543 329.852 91.1873 329.005 74.0207 CV 0.850586
17.5437 461.555 27.8851 476.574 -0.246859 495.945 -10.5882 480.926 CV 0.849609
19.2153 24.7332 27.8278 39.8774 1.20658 55.0168 -7.4059 39.8726 CV 0.848633
18.5881 2.8365 26.2394 16.924 -0.15059 31.2572 -7.80195 17.1697 CV 0.825684
470.376 68.3739 471.096 87.5166 431.624 89.0011 430.904 69.8584 CV 0.796875
474.629 -1.48654 475.227 18.5983 433.871 19.8303 433.273 -0.254548 CV 0.773926
433.089 39.8086 433.685 22.1311 474.411 23.5039 473.815 41.1814 CV 0.747559
617.022 187.792 638.644 187.46 638.978 209.208 617.356 209.54 CV 0.552246
324.636 -0.766194 364.446 -0.338833 364.364 7.31307 324.554 6.88571 CV 0.519531
330.936 151.62 374.152 163.117 367.564 187.88 324.348 176.383 CV 0.44751
3.69305 -7.44895 17.7189 3.14668 6.64289 17.8083 -7.38291 7.21269 CV 0.257568
