555.741 520.8 568.983 561.448 548.259 568.2 535.017 527.552 SMV 0.892578
579.93 511.812 593.176 554.295 571.07 561.188 557.824 518.705 SMV 0.883789
550.044 375.975 559.037 400.604 509.956 418.525 500.963 393.896 AFV 0.882812
493.965 397.785 502.969 422.076 454.035 440.215 445.031 415.924 AFV 0.864258
410.078 238.054 420.883 271.443 405.422 276.446 394.617 243.057 CV 0.862305
451.925 560.463 466.419 604.515 445.075 611.537 430.581 567.485 SMV 0.845703
624.039 495.84 637.02 538.796 615.961 545.16 602.98 502.204 SMV 0.84082
390.594 244.758 401.005 279.578 385.406 284.242 374.995 249.422 CV 0.821289
597.747 591.219 611.607 628.607 592.253 635.781 578.393 598.393 SMV 0.817871
509.413 538.366 522.829 582.3 502.087 588.634 488.671 544.7 SMV 0.800781
476.144 551.865 490.079 592.346 470.356 599.135 456.421 558.654 SMV 0.741699
630.144 2.31515 637.697 21.2049 595.856 37.9348 588.303 19.0451 SMV 0.683105
423.198 569.71 439.344 619.272 417.802 626.29 401.656 576.728 SMV 0.644531
545.847 611.687 555.771 639.8 540.153 645.313 530.229 617.2 SMV 0.565918
423.768 572.368 440.387 625.125 419.732 631.632 403.113 578.875 LMV 0.459473
482.139 622.206 502.142 624.114 500.361 642.794 480.358 640.886 SMV 0.363281
530.778 617.796 539.262 639.258 524.222 645.204 515.738 623.742 SMV 0.347656
596.221 623.28 613.824 638.276 605.779 647.72 588.176 632.724 SMV 0.321289
194.486 -7.19133 216.23 -2.11736 211.514 18.0898 189.77 13.0158 LMV 0.3125
