342.658 503.976 372.672 532.545 359.842 546.024 329.828 517.455 CV 0.928711
83.9076 516.731 125.468 525.158 121.592 544.269 80.0321 535.842 CV 0.925781
66.9924 537.899 107.843 544.468 105.008 562.101 64.1573 555.532 CV 0.911133
326.638 356.358 357.59 385.619 343.862 400.142 312.91 370.881 CV 0.908203
253.671 348.766 294.182 357.177 290.329 375.734 249.818 367.323 CV 0.90625
335.731 253.122 381.434 263.675 376.769 283.878 331.066 273.325 CV 0.904297
447.854 230.96 479.488 255.644 468.646 269.54 437.012 244.856 CV 0.896484
18.747 593.371 55.9165 603.162 51.3155 620.629 14.146 610.838 CV 0.89502
182.216 424.68 220.545 433.132 216.534 451.32 178.205 442.868 CV 0.893555
364.035 217.746 418.021 224.235 415.465 245.504 361.479 239.015 CV 0.893555
113.255 574.798 143.479 599.741 132.37 613.202 102.146 588.259 CV 0.890625
316.839 273.029 365.473 283.052 361.161 303.971 312.527 293.948 CV 0.886719
233.86 368.59 273.145 376.118 269.64 394.41 230.355 386.882 CV 0.885742
541.082 297.302 570.851 323.785 558.918 337.198 529.149 310.715 CV 0.882812
278.833 566.253 309.482 594.279 297.167 607.747 266.518 579.721 CV 0.880859
257.476 575.301 293.515 609.371 279.024 624.699 242.985 590.629 CV 0.876953
192.278 495.519 222.489 521.255 211.222 534.481 181.011 508.745 CV 0.876953
294.282 547.316 326.94 577.267 313.718 591.684 281.06 561.733 CV 0.876953
100.924 590.129 131.64 615.654 119.826 629.871 89.1101 604.346 CV 0.874023
354.079 486.629 386.959 515.679 374.421 529.871 341.541 500.821 CV 0.874023
286.438 310.379 329.315 319.834 325.062 339.121 282.185 329.666 CV 0.874023
385.093 455.107 418.172 482.678 405.907 497.393 372.828 469.822 CV 0.873047
46.5299 554.324 91.9841 563.034 88.2201 582.676 42.7659 573.966 CV 0.87207
254.065 430.82 285.345 452.996 274.935 467.68 243.655 445.504 CV 0.87207
403.797 172.319 457.646 185.231 452.203 207.931 398.354 195.019 CV 0.870605
368.471 310.417 398.516 336.012 386.529 350.083 356.484 324.488 CV 0.868164
103.009 496.858 147.585 506.289 143.491 525.642 98.9149 516.211 CV 0.867188
461.497 215.253 491.697 239.031 480.503 253.247 450.303 229.469 CV 0.866211
174.512 506.212 209.244 537.877 194.738 553.788 160.006 522.123 CV 0.862305
400.907 441.679 431.274 464.782 420.593 478.821 390.226 455.718 CV 0.861328
417.607 265.328 446.059 289.564 434.893 302.672 406.441 278.436 CV 0.861328
448.679 143.286 492.974 148.161 490.821 167.714 446.526 162.839 CV 0.860352
357.315 236.072 400.506 243.428 397.185 262.928 353.994 255.572 CV 0.860352
304.383 293.188 347.073 302.324 343.117 320.812 300.427 311.676 CV 0.858887
224.842 463.45 251.075 488.104 238.908 501.05 212.675 476.396 CV 0.857422
386.775 294.325 413.685 317.384 402.725 330.175 375.815 307.116 CV 0.857422
133.511 558.605 162.538 583.801 150.739 597.395 121.712 572.199 CV 0.856445
331.19 520.986 355.043 546.641 342.81 558.014 318.957 532.359 CV 0.856445
488.27 180.038 526.012 211.872 512.231 228.212 474.488 196.378 CV 0.853027
206.401 480.346 235.298 505.502 223.849 518.654 194.952 493.498 CV 0.848633
310.857 372.773 340.656 401.925 327.643 415.227 297.844 386.075 CV 0.84375
524.541 148.147 558.689 173.865 546.459 190.103 512.311 164.385 CV 0.84375
571.942 -9.83353 585.237 3.45465 559.058 29.646 545.763 16.3578 CV 0.841309
400.86 278.388 432.285 306.675 420.64 319.612 389.215 291.325 CV 0.839844
433.968 248.77 464.988 275.195 453.032 289.23 422.012 262.805 CV 0.838867
149.262 544.099 184.815 573.091 172.738 587.901 137.185 558.909 CV 0.834961
495.45 337.981 522.772 368.214 508.05 381.519 480.728 351.286 CV 0.828613
89.2506 606.636 117.505 633.61 104.374 647.364 76.1199 620.39 CV 0.827637
238.545 447.33 269.785 474.932 257.205 489.17 225.965 461.568 CV 0.810547
468.105 120.2 517.43 122.433 516.395 145.3 467.07 143.067 CV 0.808594
313.505 531.83 341.277 561.906 327.995 574.17 300.223 544.094 CV 0.807617
342.564 344.146 372.109 370.925 359.936 384.354 330.391 357.575 CV 0.806641
505.651 168.267 539.044 192.484 528.349 207.233 494.956 183.016 CV 0.804688
629.026 36.6345 641.079 52.2216 605.974 79.3655 593.921 63.7784 CV 0.797852
247.682 600.316 280.113 626.109 269.318 639.684 236.887 613.891 CV 0.780762
267.979 327.462 312.616 337.912 308.021 357.538 263.384 347.088 CV 0.77832
35.3766 573.802 74.1728 584.755 69.2484 602.198 30.4522 591.245 CV 0.772461
477.572 361.413 509.596 383.007 499.428 398.087 467.404 376.493 CV 0.753906
216.203 386.377 260.91 396.665 256.547 415.623 211.84 405.335 CV 0.748047
207.393 624.778 229.096 626.613 227.607 644.222 205.904 642.387 CV 0.736816
368.732 469.291 401.937 498.112 389.268 512.709 356.063 483.888 CV 0.736328
198.521 405.41 239.48 413.815 235.729 432.09 194.77 423.685 CV 0.73584
558.585 277.222 589.372 308.57 575.415 322.278 544.628 290.93 CV 0.692871
238.356 616.21 266.286 637.459 256.144 650.79 228.214 629.541 CV 0.690918
159.724 525.058 193.742 552.965 182.276 566.942 148.258 539.035 CV 0.688965
452.273 393.087 477.79 420.052 464.727 432.413 439.21 405.448 CV 0.667969
528.32 313.326 557.182 340.293 544.68 353.674 515.818 326.707 CV 0.666504
373.154 58.394 413.876 82.9686 401.346 103.731 360.624 79.1564 SMV 0.636719
167.613 442.592 206.626 452.235 201.887 471.408 162.874 461.765 CV 0.63623
461.443 376.649 495.213 400.664 484.057 416.351 450.287 392.336 CV 0.634277
436.711 412.988 461.395 437.136 449.289 449.512 424.605 425.364 CV 0.576172
516.148 330.269 539.343 359.056 524.852 370.731 501.657 341.944 CV 0.550781
118.223 478.099 165.368 485.679 162.277 504.901 115.132 497.321 CV 0.532715
72.4153 615.384 93.9196 639.249 79.0847 652.616 57.5804 628.751 CV 0.438477
401.899 503.703 432.219 526.608 418.101 545.297 387.781 522.392 CV 0.405029
422.888 426.108 449.118 451.445 436.612 464.392 410.382 439.055 CV 0.402344
295.122 388.462 325.029 412.607 313.378 427.038 283.471 402.893 CV 0.31958
475.147 199.541 506.646 226.03 495.353 239.459 463.854 212.97 CV 0.273438
