103.592 179.598 111.042 199.516 71.908 214.152 64.4583 194.234 SMV 0.867188
80.8378 129.155 88.0468 151.505 42.0372 166.345 34.8282 143.995 AFV 0.853027
95.4436 154.027 101.469 176.305 55.5564 188.723 49.5309 166.445 SMV 0.78418
389.853 20.5348 408.142 75.5759 383.647 83.7152 365.358 28.6741 MCV 0.728516
307.846 33.696 341.226 109.551 315.654 120.804 282.274 44.9486 MCV 0.71875
270.654 58.4812 296.65 135.46 268.346 145.019 242.35 68.0398 MCV 0.579102
519.271 -12.2114 556.635 3.08914 547.729 24.8364 510.365 9.53586 MCV 0.569824
174.653 95.1279 206.774 168.123 182.347 178.872 150.226 105.877 LMV 0.509277
218.623 115.167 226.508 149.299 210.127 153.083 202.242 118.951 MCV 0.495117
41.6462 43.4655 50.2775 66.9616 1.76003 84.7845 -6.87123 61.2884 LMV 0.408936
51.3582 66.8296 62.1866 89.4321 9.76682 114.545 -1.06162 91.9429 AFV 0.403809
51.0107 67.3755 61.4175 88.8283 10.3018 113.624 -0.104954 92.1717 MCV 0.367432
444.223 -0.774132 457.614 39.5281 436.277 46.6179 422.886 6.31569 MCV 0.316162
472.765 -0.137777 496.088 52.8638 473.735 62.7003 450.412 9.69874 MCV 0.309082
