371.092 297.829 412.162 306.157 408.408 324.671 367.338 316.343 CV 0.951172
253.999 351.075 295.206 356.734 292.501 376.425 251.294 370.766 CV 0.951172
523.408 314.047 564.69 320.685 561.592 339.953 520.31 333.315 CV 0.949219
403.569 399.485 439.253 405.111 436.431 423.015 400.747 417.389 CV 0.942383
508.182 560.64 548.782 566.787 545.818 586.36 505.218 580.213 CV 0.942383
387.451 440.965 427.754 449.754 423.549 469.035 383.246 460.246 CV 0.9375
395.757 420.583 433.154 427.839 429.743 445.417 392.346 438.161 CV 0.933594
446.694 204.884 483.446 210.132 480.806 228.616 444.054 223.368 CV 0.931641
418.648 307.807 461.764 315.933 457.852 336.693 414.736 328.567 CV 0.931641
332.818 473.01 369.293 479.222 366.182 497.49 329.707 491.278 CV 0.928711
259.452 314.535 298.412 321.416 295.048 340.465 256.088 333.584 CV 0.927734
526.895 293.387 565.323 298.125 563.105 316.113 524.677 311.375 CV 0.921875
586.34 259.234 624.52 265.077 621.66 283.766 583.48 277.923 CV 0.921875
393.009 236.67 427.636 242.925 424.491 260.33 389.864 254.075 CV 0.920898
458.654 570.4 503.84 577.563 500.346 599.6 455.16 592.437 CV 0.919922
382.629 463.431 420.793 471.905 416.871 489.569 378.707 481.095 CV 0.919922
437.35 227.851 476.813 234.573 473.65 253.149 434.187 246.427 CV 0.916992
303.731 580.46 343.935 588.006 340.269 607.54 300.065 599.994 CV 0.916016
516.357 537.602 556.202 544.86 552.643 564.398 512.798 557.14 CV 0.915039
396.413 216.773 431.392 222.454 428.587 239.727 393.608 234.046 CV 0.914062
398.135 168.244 445.194 175.964 441.865 196.256 394.806 188.536 CV 0.914062
429.127 268.203 466.774 274.02 463.873 292.797 426.226 286.98 CV 0.914062
348.243 591.455 385.969 596.96 383.257 615.545 345.531 610.04 CV 0.914062
348.429 613.556 385.048 617.616 383.071 635.444 346.452 631.384 CV 0.911133
391.195 190.664 438.115 197.219 435.305 217.336 388.385 210.781 CV 0.90918
386.304 258.952 420.463 265.498 417.196 282.548 383.037 276.002 CV 0.908203
211.978 476.443 263.187 484.921 259.522 507.057 208.313 498.579 CV 0.908203
378.072 277.815 414.785 284.651 411.428 302.685 374.715 295.849 CV 0.908203
565.038 346.945 603.279 353.396 599.962 373.055 561.721 366.604 CV 0.907227
586.694 235.875 628.448 242.725 625.306 261.875 583.552 255.025 CV 0.90625
531.669 270.29 571.982 275.796 569.331 295.21 529.018 289.704 CV 0.90625
502.514 602.03 554.245 610.802 550.486 632.97 498.755 624.198 CV 0.905273
455.96 593.173 498.076 599.945 495.04 618.827 452.924 612.055 CV 0.904297
566.985 75.3977 587.482 77.2253 584.015 116.102 563.518 114.275 CV 0.902344
567.069 323.405 610.07 330.185 606.931 350.095 563.93 343.315 CV 0.898438
549.27 72.368 567.192 76.6958 557.73 115.882 539.808 111.554 CV 0.896484
259.87 283.761 308.587 295.286 303.63 316.239 254.913 304.714 CV 0.890625
303.375 137.561 340.551 145.28 336.625 164.189 299.449 156.47 CV 0.883789
569.629 300.594 614.939 308.528 611.371 328.906 566.061 320.972 CV 0.880859
293.372 600.222 329.855 606.752 326.628 624.778 290.145 618.248 CV 0.880859
373.141 482.448 410.473 490.919 406.359 509.052 369.027 500.581 CV 0.871582
611.12 79.5728 631.098 82.785 623.88 127.677 603.902 124.465 CV 0.863281
206.291 500.516 253.839 510.388 249.459 531.484 201.911 521.612 CV 0.848633
631.04 92.8274 644.818 94.173 640.96 133.673 627.182 132.327 CV 0.845703
406.038 352.694 451.911 361.706 447.962 381.806 402.089 372.794 CV 0.824219
327.494 495.568 365.38 503.555 361.506 521.932 323.62 513.945 CV 0.779297
371.559 348.131 404.385 351.515 402.441 370.369 369.615 366.985 CV 0.738281
291.76 624.35 335.488 627.539 334.24 644.65 290.512 641.461 CV 0.645996
