433.531 289.673 442.474 306.649 407.969 324.827 399.026 307.851 SMV 0.926758
420.956 270.501 429.966 286.784 397.044 304.999 388.034 288.716 SMV 0.90918
409.757 247.048 419.547 264.381 382.243 285.452 372.453 268.119 SMV 0.908203
458.832 330.736 467.814 348.115 433.668 365.764 424.686 348.385 SMV 0.882812
447.473 309.612 456.477 327.032 419.027 346.388 410.023 328.968 SMV 0.854492
472.287 348.659 483.275 366.847 445.213 389.841 434.225 371.653 SMV 0.839844
559.516 395.789 575.287 419.377 507.484 464.711 491.713 441.123 LMV 0.832031
521.317 293.19 533.223 315.952 475.183 346.31 463.277 323.548 LMV 0.78125
232.478 151.608 241.79 174.067 203.022 190.142 193.71 167.683 SMV 0.777344
402.88 222.207 413.061 243.04 371.62 263.293 361.439 242.46 SMV 0.744141
470.826 240.892 480.646 259.401 440.674 280.608 430.854 262.099 SMV 0.740234
346.145 340.284 355.571 359.573 314.355 379.716 304.929 360.427 SMV 0.732422
371.711 1.49277 386.8 25.8732 325.789 63.6322 310.7 39.2518 LMV 0.731934
201.524 193.974 213.518 211.667 176.476 236.776 164.482 219.083 SMV 0.729004
41.9678 144.684 53.443 162.085 15.5634 187.066 4.08821 169.665 SMV 0.726562
344.803 112.67 356.35 131.286 319.197 154.33 307.65 135.714 SMV 0.710449
457.06 217.863 467.655 236.535 426.94 259.637 416.345 240.965 SMV 0.692871
406.391 74.3554 419.118 96.2354 360.609 130.27 347.882 108.39 LMV 0.654297
365.205 159.785 376.714 179.264 338.295 201.965 326.786 182.486 SMV 0.650391
328.167 316.177 341.28 335.791 306.833 358.823 293.72 339.209 SMV 0.640625
323.953 70.2242 334.455 90.1585 291.047 113.026 280.545 93.0915 SMV 0.587891
335.698 91.2657 344.712 109.573 306.302 128.484 297.288 110.177 SMV 0.498047
335.413 -13.7527 345.628 6.1543 301.087 29.0105 290.872 9.10351 LMV 0.472656
484.576 114.873 522.639 184.954 497.924 198.377 459.861 128.296 LMV 0.448242
437.446 200.5 449.369 220.679 414.554 241.25 402.631 221.071 SMV 0.434082
412.888 98.0169 426.582 122.152 362.112 158.733 348.418 134.598 LMV 0.395508
432.609 174.801 444.596 193.509 404.891 218.949 392.904 200.241 SMV 0.387695
134.076 -16.0717 145.74 1.61592 117.174 20.4545 105.51 2.76689 SMV 0.354248
483.41 261.751 493.332 279.851 446.09 305.749 436.168 287.649 SMV 0.288086
98.1412 4.8751 108.384 24.504 70.4838 44.2811 60.241 24.6523 SMV 0.269043
389.032 200.502 400.544 218.623 368.468 238.998 356.956 220.877 SMV 0.263672
474.457 179.163 485.877 199.289 450.543 219.337 439.123 199.211 SMV 0.253906
487.631 257.018 498.485 275.105 447.869 305.482 437.015 287.395 LMV 0.251221
