132.634 35.7984 141.233 52.8815 100.116 73.5766 91.5174 56.4935 CV 0.9375
370.621 470.107 379.644 487.235 341.379 507.393 332.356 490.265 CV 0.933594
128.494 140.113 137.53 155.717 103.131 175.637 94.0952 160.033 CV 0.927734
529.864 266.17 538.187 282.867 498.136 302.83 489.813 286.133 CV 0.925781
317.542 370.816 327.262 388.384 286.958 410.684 277.238 393.116 CV 0.924805
109.855 99.8174 118.367 116.979 79.1452 136.433 70.6332 119.271 CV 0.923828
304.26 453.751 313.796 471.065 276.24 491.749 266.704 474.435 CV 0.921875
263.486 376.465 273.26 394.129 232.764 416.535 222.99 398.871 CV 0.920898
362.549 451.245 370.748 467.899 332.451 486.755 324.252 470.101 CV 0.918945
74.3221 40.9715 83.488 57.6143 45.7404 78.4035 36.5745 61.7607 CV 0.916992
281.281 416.967 290.432 433.279 255.219 453.033 246.068 436.721 CV 0.914062
293.255 436.157 302.155 452.429 265.745 472.343 256.845 456.071 CV 0.90918
519.05 410.39 528.532 428.177 486.45 450.61 476.968 432.823 CV 0.908203
317.073 473.375 325.868 489.757 287.927 510.125 279.132 493.743 CV 0.90625
359.359 549.976 368.729 566.755 330.641 588.024 321.271 571.245 CV 0.902344
195.905 150.746 205.462 168.634 163.595 191.004 154.038 173.116 CV 0.901367
337.785 408.216 347.816 423.872 309.715 448.284 299.684 432.628 CV 0.900391
474.817 170.292 484.029 187.017 449.183 206.208 439.971 189.483 CV 0.899414
465.684 151.635 473.768 166.979 439.816 184.865 431.732 169.521 CV 0.898438
177.323 111.918 185.989 128.967 145.427 149.582 136.761 132.533 CV 0.898438
487.816 190.372 496.162 206.215 461.684 224.378 453.338 208.535 CV 0.897461
372.176 569.689 381.644 586.683 342.824 608.311 333.356 591.317 CV 0.895508
184.339 133.569 192.723 150.724 152.911 170.181 144.527 153.026 CV 0.895508
140.405 157.308 149.726 175.127 111.845 194.942 102.524 177.123 CV 0.892578
346.415 532.811 355.765 549.441 317.085 571.189 307.735 554.559 CV 0.890625
349.744 429.317 359.611 447.233 319.756 469.183 309.889 451.267 CV 0.885742
118.544 119.662 127.916 137.578 88.7056 158.088 79.3344 140.172 CV 0.883789
499.33 206.233 509.28 224.424 471.17 245.267 461.22 227.076 CV 0.883789
123.674 18.3747 131.385 35.534 93.0761 52.7503 85.3646 35.591 CV 0.882812
149.978 78.1366 159.123 95.0932 121.772 115.238 112.627 98.2818 CV 0.879883
55.4423 -0.721766 66.1619 17.9153 24.1202 42.0968 13.4006 23.4597 CV 0.879883
306.004 350.293 315.882 366.322 275.496 391.207 265.618 375.178 CV 0.87793
142.83 55.0356 152.291 71.9792 112.92 93.9644 103.459 77.0208 CV 0.876953
517.702 246.462 526.937 264.502 487.798 284.538 478.563 266.498 CV 0.875977
327.435 389.862 337.183 406.696 297.565 429.638 287.817 412.804 CV 0.874023
205.699 170.538 215.211 187.075 174.551 210.462 165.039 193.925 CV 0.868164
390.7 609.845 399.81 627.597 357.8 649.155 348.69 631.403 CV 0.867188
427.63 561.85 437.865 579.846 393.37 605.15 383.135 587.154 CV 0.867188
161.376 196.454 170.29 213.868 130.874 234.046 121.96 216.632 CV 0.866211
338.335 513.543 346.993 531.259 305.665 551.457 297.007 533.741 CV 0.866211
325.53 493.405 335.33 511.66 294.47 533.595 284.67 515.34 CV 0.866211
96.3963 81.0627 104.972 99.2347 65.6037 117.812 57.0283 99.6403 CV 0.866211
540.017 283.857 550.708 301.019 511.983 325.143 501.292 307.981 CV 0.865723
271.803 397.618 281.213 414.625 243.697 435.382 234.287 418.375 CV 0.858887
148.906 178.151 157.536 194.533 121.344 213.599 112.714 197.217 CV 0.858887
164.516 95.491 173.114 112.048 133.234 132.759 124.636 116.202 CV 0.855469
511.35 226.749 520.237 243.383 481.65 264.001 472.763 247.367 CV 0.851562
63.9539 21.6553 74.0066 40.1641 33.8586 61.9697 23.8059 43.4609 CV 0.845703
506.826 391.383 516.162 409.105 478.174 429.117 468.838 411.395 CV 0.804688
295.845 330.147 307.051 347.014 266.655 373.853 255.449 356.986 CV 0.769043
110.587 -3.28086 120.094 14.1016 78.9132 36.6246 69.4062 19.2421 CV 0.768555
250.09 354.24 261.079 371.767 224.41 394.76 213.421 377.233 CV 0.741699
619.935 129.463 633.714 168.741 610.065 177.037 596.286 137.759 AFV 0.741699
37.434 -14.5866 47.3133 2.7851 11.9722 22.8835 2.093 5.51177 CV 0.594727
597.94 84.0157 615.425 128.248 592.06 137.484 574.575 93.2525 AFV 0.511719
381.197 591.656 390.156 608.906 350.803 629.344 341.844 612.094 CV 0.506836
82.1604 -15.4619 94.2564 -0.206767 71.2146 18.0635 59.1186 2.80833 CV 0.34668
601.698 565.006 612.44 582.905 572.302 606.994 561.56 589.095 CV 0.31543
454.987 406.403 472.615 425.493 440.013 455.597 422.385 436.507 CV 0.305176
