221.338 138.299 266.19 141.538 264.662 162.701 219.81 159.462 SMV 0.962891
209.051 251.389 254.165 255.273 252.199 278.111 207.085 274.227 SMV 0.962891
206.751 280.443 251.88 285.728 249.499 306.057 204.37 300.772 SMV 0.962891
230.258 53.6076 274.703 58.2578 272.492 79.3924 228.047 74.7422 SMV 0.955078
224.349 111.646 267.397 114.688 265.901 135.854 222.853 132.812 SMV 0.955078
217.213 195.194 260.766 197.701 259.537 219.056 215.984 216.549 SMV 0.955078
288.271 117.757 331.321 125.192 327.729 145.993 284.679 138.558 SMV 0.955078
224.884 82.1561 269.222 85.5617 267.616 106.469 223.278 103.063 SMV 0.953125
291.432 91.0571 333.476 95.5236 331.068 118.193 289.024 113.726 SMV 0.951172
239.255 0.0992002 285.273 5.30905 282.745 27.6352 236.727 22.4253 SMV 0.945312
214.074 220.889 260.871 224.521 259.176 246.361 212.379 242.729 SMV 0.943359
235.256 28.8278 278.009 34.9333 274.994 56.0472 232.241 49.9417 SMV 0.943359
219.989 165.987 263.618 168.229 262.511 189.763 218.882 187.521 SMV 0.941406
20.4356 152.06 64.7766 154.987 63.3769 176.19 19.0359 173.263 SMV 0.941406
276.857 303.263 321.775 304.606 321.143 325.737 276.225 324.394 SMV 0.94043
20.3396 181.779 63.777 184.113 62.5354 207.221 19.098 204.887 SMV 0.918945
204.66 332.146 250.095 332.668 249.84 354.854 204.405 354.332 SMV 0.916992
278.916 274.293 322.651 275.433 322.084 297.207 278.349 296.067 SMV 0.908203
130.94 358.739 134.461 406.422 109.56 408.261 106.039 360.578 SMV 0.89502
113.922 232.472 117.689 279.132 94.2031 281.028 90.4358 234.368 SMV 0.886719
489.446 390.117 495.493 410.488 452.054 423.383 446.007 403.012 SMV 0.867188
123.52 77.836 147.133 78.5605 145.73 124.289 122.117 123.565 SMV 0.856445
502.011 425.486 505.996 446.105 462.489 454.514 458.504 433.895 SMV 0.856445
163.148 281.861 188.534 282.367 187.602 329.139 162.216 328.633 SMV 0.854004
184.629 412.223 190.439 459.776 165.871 462.777 160.061 415.224 SMV 0.854004
158.186 349.399 182.949 348.449 184.814 397.101 160.051 398.051 SMV 0.819824
306.812 346.116 327.56 370.764 300.688 393.384 279.94 368.736 SMV 0.810547
177.774 150.78 203.002 151.825 200.976 200.72 175.748 199.675 SMV 0.789062
0.533138 317.416 35.2757 318.135 34.8419 339.084 0.0993118 338.365 SMV 0.765625
97.4051 57.7946 97.949 76.0522 50.8449 77.4554 50.301 59.1978 SMV 0.744141
171.371 205.087 197.087 205.481 196.379 251.663 170.663 251.269 SMV 0.69873
51.2821 111.275 97.6565 113.694 96.4679 136.475 50.0935 134.056 SMV 0.644043
455.202 136.866 512.92 138.769 512.298 157.634 454.58 155.731 LMV 0.615234
509.374 448.616 515.495 471.968 468.126 484.384 462.005 461.032 SMV 0.580078
304.637 471.243 315.212 493.482 268.363 515.757 257.788 493.518 SMV 0.555664
510.022 447.607 515.085 470.651 468.478 480.893 463.415 457.849 LMV 0.479492
455.615 117.828 508.405 119.367 507.885 137.172 455.095 135.633 LMV 0.46582
86.1341 594.412 86.3638 622.099 27.3659 622.588 27.1362 594.901 SMV 0.394531
460.78 73.5745 513.799 74.713 513.22 101.675 460.201 100.537 MCV 0.257324
469.15 154.942 512.053 155.403 511.85 174.308 468.947 173.847 MCV 0.255859
