344.297 310.797 359.86 322.153 337.203 353.203 321.64 341.847 SMV 0.897461
461.687 165.19 475.71 178.446 450.313 205.31 436.29 192.054 SMV 0.882812
582.126 259.819 596.695 272.78 571.874 300.681 557.305 287.72 SMV 0.851562
533.248 278.903 549.276 291.933 524.752 322.097 508.724 309.067 SMV 0.849609
602.236 275.722 618.314 287.721 594.764 319.278 578.686 307.279 SMV 0.84082
24.4351 148.85 43.515 163.919 16.2836 198.4 -2.7963 183.331 SMV 0.839355
106.082 128.098 122.379 142.596 95.4182 172.902 79.1212 158.404 SMV 0.825195
405.834 122.287 420.715 135.604 394.666 164.713 379.785 151.396 SMV 0.824219
222.986 214.494 241.762 228.678 206.764 275.006 187.988 260.822 LMV 0.822266
415.243 366.887 430.497 380.206 405.257 409.113 390.003 395.794 SMV 0.808594
480.273 178.88 494.912 191.738 468.227 222.12 453.588 209.262 SMV 0.794434
116.919 17.899 180.869 66.9987 164.331 88.5385 100.381 39.4388 LMV 0.78125
558.189 246.758 574.903 260.131 550.811 290.242 534.097 276.869 SMV 0.757324
440.794 147.047 455.778 160.575 429.706 189.453 414.722 175.925 SMV 0.755371
365.83 324.05 380.876 335.932 357.17 365.95 342.124 354.068 SMV 0.75
232.681 -17.6724 252.366 -2.69584 205.819 58.4849 186.134 43.5083 LMV 0.75
103.337 319.064 137.422 343.604 125.663 359.936 91.5782 335.396 SMV 0.748047
387.157 106.539 401.989 119.414 376.343 148.961 361.511 136.086 SMV 0.740234
137.716 147.389 155.516 161.405 122.284 203.611 104.484 189.595 LMV 0.728027
42.292 305.174 62.462 319.892 18.3642 380.326 -1.80577 365.608 LMV 0.727051
106.612 370.989 126.975 386.877 75.7626 452.511 55.3998 436.623 LMV 0.724121
436.21 383.223 453.667 396.585 429.79 427.777 412.333 414.415 SMV 0.70459
9.7584 130.254 28.0591 144.896 1.97598 177.496 -16.3247 162.854 SMV 0.70166
241.985 232.557 261.808 248.323 227.515 291.443 207.692 275.677 LMV 0.694824
398.869 349.735 413.412 362.585 387.631 391.765 373.088 378.915 SMV 0.67334
91.8643 202.068 106.664 214.403 86.6357 238.432 71.8365 226.097 SMV 0.64209
63.2119 150.873 81.7769 164.13 49.2881 209.627 30.7231 196.37 SMV 0.638184
200.642 197.093 221.188 211.931 189.608 255.657 169.062 240.819 LMV 0.630371
374.955 426.887 414.433 451.694 402.545 470.613 363.067 445.806 SMV 0.625977
499.333 193.766 515.413 204.907 492.667 237.734 476.587 226.593 SMV 0.603027
161.178 164.581 180.09 180.692 145.822 220.919 126.91 204.808 LMV 0.600586
215.905 286.391 228.655 304.358 196.595 327.109 183.845 309.142 SMV 0.597656
184.138 264.187 203.649 277.399 181.362 310.313 161.851 297.101 SMV 0.588379
259.865 -10.6103 278.878 3.12138 230.135 70.6103 211.122 56.8786 LMV 0.578125
54.7427 89.3803 72.8725 105.813 37.1323 145.245 19.0025 128.812 LMV 0.574219
384.853 338.827 398.187 350.401 373.647 378.673 360.313 367.099 SMV 0.567871
325.258 292.108 343.182 305.053 312.242 347.892 294.318 334.947 LMV 0.564941
289.541 23.4224 304.953 35.521 283.959 62.2651 268.547 50.1665 SMV 0.560059
340.098 400.128 372.996 423.21 359.902 441.872 327.004 418.79 SMV 0.547852
88.2291 -7.84335 111.856 -1.85036 103.896 29.5308 80.2691 23.5379 LMV 0.540039
113.816 401.516 134.261 416.281 73.8085 499.984 53.3643 485.219 LMV 0.537598
63.7716 325.813 81.0052 338.03 57.8534 370.687 40.6198 358.47 SMV 0.535156
199.106 424.176 222.061 441.641 132.144 559.824 109.189 542.359 LMV 0.532715
73.8083 185.273 87.8851 197.229 66.4417 222.477 52.3649 210.521 SMV 0.527344
334.463 359.837 400.136 407.464 384.037 429.663 318.364 382.036 LMV 0.526367
476.867 408.856 495.305 421.028 471.133 457.644 452.695 445.472 SMV 0.523438
365.627 -2.2593 388.593 -1.94231 388.373 14.0015 365.407 13.6845 LMV 0.511719
326.949 290.493 345.533 305.081 311.051 349.007 292.467 334.419 SMV 0.508789
25.2745 417.791 44.0859 433.658 12.413 471.209 -6.39841 455.342 LMV 0.507812
148.935 404.239 169.431 419.723 122.565 481.761 102.069 466.277 LMV 0.471191
258.705 65.9113 325.241 120.005 307.795 141.464 241.259 87.3704 LMV 0.461914
267.205 284.182 290.31 300.681 248.795 358.818 225.69 342.319 LMV 0.459961
135.768 239.147 153.372 250.769 136.482 276.353 118.878 264.731 SMV 0.454102
4.53811 292.173 25.3767 301.833 9.61814 335.827 -11.2204 326.167 LMV 0.437988
488.211 206.865 505.734 220.704 467.289 269.385 449.766 255.546 LMV 0.435303
106.038 214.605 123.017 224.57 107.712 250.645 90.7334 240.68 SMV 0.432373
377.339 156.071 394.788 166.347 377.661 195.429 360.212 185.153 SMV 0.408936
477.07 221.172 494.893 235.561 467.43 269.578 449.607 255.189 SMV 0.406738
123.858 -10.3334 150.133 -2.54041 141.892 25.2475 115.617 17.4545 LMV 0.398926
183.555 -4.61894 209.789 -2.05687 207.945 16.8221 181.711 14.26 LMV 0.39209
300.206 46.4663 315.069 57.9474 292.794 86.7837 277.931 75.3026 LMV 0.387695
317.418 59.2931 331.195 70.8783 307.582 98.9569 293.805 87.3717 LMV 0.386475
474.993 409.556 493.853 421.968 470.507 457.444 451.647 445.032 MCV 0.355469
18.9125 246.096 90.2522 297.619 75.9625 317.405 4.62285 265.881 LMV 0.352539
314.022 533.147 333.018 544.942 309.478 582.853 290.482 571.058 MCV 0.346436
152.078 404.058 171.804 419.794 98.2975 511.942 78.5707 496.206 LMV 0.325439
500.57 193.399 518.393 205.865 483.43 255.851 465.607 243.385 LMV 0.323975
550.076 297.117 568.733 307.452 554.924 332.383 536.267 322.048 SMV 0.314453
57.054 86.7178 76.3798 104.39 38.7585 145.532 19.4327 127.86 SMV 0.313477
48.1279 439.514 67.528 453.67 39.9346 491.486 20.5345 477.33 LMV 0.297363
301.36 45.289 316.226 57.1472 293.64 85.461 278.774 73.6028 SMV 0.288086
137.558 -4.24502 164.276 5.94167 152.942 35.6669 126.224 25.4802 LMV 0.274658
60.2455 145.445 81.0635 158.598 49.817 208.055 28.999 194.902 LMV 0.250977
