434.377 189.082 456.593 193.908 445.623 244.418 423.407 239.592 CV 0.898438
487.667 176.085 506.485 179.992 497.833 221.665 479.015 217.758 CV 0.889648
531.346 62.9044 560.81 100.401 544.654 113.096 515.19 75.5993 CV 0.882812
512.242 172.981 530.152 176.486 522.758 214.269 504.848 210.764 CV 0.874023
589.856 542.794 599.261 596.508 578.144 600.206 568.739 546.492 CV 0.870605
159.725 470.04 191.525 495.97 180.525 509.46 148.725 483.53 CV 0.867188
557.621 56.8655 585.882 91.0775 570.379 103.884 542.118 69.6725 CV 0.861328
545.903 470.038 563.492 474.906 553.097 512.462 535.508 507.594 CV 0.861328
356.19 115.294 395.145 149.408 381.31 165.206 342.355 131.092 CV 0.859863
549.663 316.306 576.026 347.132 561.337 359.694 534.974 328.868 CV 0.853027
614.455 550.565 622.136 586.695 604.545 590.435 596.864 554.305 CV 0.847168
567.834 548.887 576.624 599.378 555.166 603.113 546.376 552.622 CV 0.819824
628.803 38.5739 651.287 69.8654 635.197 81.4261 612.713 50.1346 CV 0.816406
427.528 354.56 455.237 382.094 442.472 394.94 414.763 367.406 CV 0.813477
384.132 109.138 413.092 136.866 401.368 149.112 372.408 121.384 CV 0.793945
186.206 463.744 213.466 487.829 202.044 500.756 174.784 476.671 CV 0.764648
534.065 361.411 559.802 389.283 545.935 402.089 520.198 374.217 CV 0.760742
356.656 220.022 377.794 222.201 372.844 270.228 351.706 268.049 CV 0.75293
630.19 135.235 641.314 135.081 641.81 171.015 630.686 171.169 CV 0.714355
619.144 361.513 646.172 381.622 635.856 395.487 608.828 375.378 CV 0.619629
599.067 50.3998 623.789 74.3735 611.933 86.6002 587.211 62.6265 CV 0.474609
