448.78 143.29 470.059 146.965 462.72 189.46 441.441 185.785 CV 0.920898
454.487 94.8277 474.139 97.3434 468.513 141.297 448.861 138.782 CV 0.917969
600.565 18.2158 619.866 21.8533 612.435 61.2842 593.134 57.6467 CV 0.90918
506.207 266.643 526.042 270.226 518.793 310.357 498.958 306.774 CV 0.905273
479.104 93.7642 499.893 96.733 492.896 145.736 472.107 142.767 CV 0.901367
491.385 7.32353 510.005 9.38784 505.615 48.989 486.995 46.9247 CV 0.898438
579.115 17.8771 597.42 21.5611 589.885 58.9979 571.58 55.3139 CV 0.896484
486.183 264.242 503.547 267.075 497.317 305.258 479.953 302.425 CV 0.896484
510.75 10.1546 531.91 12.1077 528.25 51.7517 507.09 49.7986 CV 0.895508
442.868 252.731 462.43 254.809 458.132 295.269 438.57 293.191 CV 0.89502
432.06 96.8036 450.786 98.9086 446.44 137.571 427.714 135.466 CV 0.889648
623.872 20.4566 642.2 23.4034 636.128 61.1684 617.8 58.2216 CV 0.888672
516.283 108.885 539.022 111.071 534.717 155.865 511.978 153.679 CV 0.884766
597.868 165.622 620.094 169.126 612.132 219.628 589.906 216.124 CV 0.874023
551.49 162.783 576.953 165.368 571.51 218.967 546.047 216.382 CV 0.874023
413.523 97.2125 433.474 98.0697 431.977 132.913 412.026 132.055 CV 0.845215
602.986 -1.35393 623.265 -1.07402 623.014 17.143 602.735 16.8631 CV 0.839844
249.62 609.408 273.335 608.972 273.88 638.592 250.165 639.028 CV 0.711426
564.451 -1.60968 587.882 -1.03467 587.549 12.5237 564.118 11.9487 CV 0.587891
401.914 137.676 426.125 139.723 422.586 181.574 398.375 179.527 CV 0.497559
536.459 -0.883033 555.737 -0.51353 555.541 9.69553 536.263 9.32603 CV 0.473145
578.458 -1.36996 598.707 -1.15259 598.542 14.2059 578.293 13.9885 CV 0.422607
516.049 -1.83194 535.399 -0.852021 534.951 8.00382 515.601 7.0239 CV 0.37085
