544.656 273.111 587.482 372.801 559.344 384.889 516.518 285.199 LMV 0.810059
475.594 300.169 518.137 396.848 490.906 408.831 448.363 312.152 LMV 0.803711
509.639 288.159 555.97 383.428 527.361 397.341 481.03 302.072 LMV 0.784668
574.227 245.612 625.309 351.705 593.773 366.888 542.691 260.795 LMV 0.607422
478.043 472.258 509.01 542.073 484.957 552.742 453.99 482.926 LMV 0.581543
407.086 240.017 416.551 266.335 361.914 285.983 352.449 259.665 LMV 0.42041
627.974 1.1023 641.039 0.360306 643.026 35.3352 629.961 36.0772 LMV 0.415771
350.888 120.945 360.116 145.185 306.612 165.555 297.384 141.315 LMV 0.406738
438.868 389 498.221 505.782 477.132 516.5 417.779 399.718 LMV 0.3125
632.369 217.019 659.404 299.185 629.631 308.981 602.596 226.815 LMV 0.30127
