119.653 182.784 137.057 217.616 121.347 225.466 103.943 190.634 CV 0.911133
199.943 146.719 221.277 184.233 205.807 193.031 184.473 155.517 CV 0.904297
162.382 169.797 178.638 202.651 162.868 210.453 146.612 177.599 CV 0.898438
470.839 174.736 487.811 210.611 472.161 218.014 455.189 182.139 CV 0.888672
262.029 298.251 281.134 337.053 263.471 345.749 244.366 306.947 CV 0.884766
98.1252 386.902 117.01 424.975 99.6248 433.598 80.74 395.525 CV 0.883789
184.512 345.209 201.627 379.8 186.488 387.291 169.373 352.7 CV 0.882812
407.183 58.0488 422.514 92.6138 406.817 99.5762 391.486 65.0112 CV 0.875
46.9151 228.286 64.743 267.141 47.1474 275.214 29.3195 236.359 CV 0.873047
531.532 545.681 539.962 562.149 504.468 580.319 496.038 563.851 CV 0.867188
83.1343 202.628 97.1891 236.246 80.7407 243.122 66.6859 209.504 CV 0.861328
166.337 356.262 183.709 395.118 166.663 402.738 149.291 363.882 CV 0.857422
77.3796 401.755 97.5916 437.786 81.6204 446.745 61.4084 410.714 CV 0.856445
143.081 364.978 159.708 401.977 142.919 409.522 126.292 372.523 CV 0.853027
203.89 328.549 223.684 370.073 206.11 378.451 186.316 336.927 CV 0.831543
6.12954 245.385 27.6982 291.323 8.97202 300.115 -12.5967 254.177 CV 0.766602
559.098 315.749 571.051 351.721 552.902 357.751 540.949 321.779 CV 0.525391
-3.57964 283.939 12.8002 290.53 6.75152 305.561 -9.62834 298.97 CV 0.314453
340.674 248.126 357.198 272.997 340.826 283.874 324.302 259.003 CV 0.293945
