207.35 523.926 240.444 523.824 240.65 591.074 207.556 591.176 MCV 0.857422
252.361 525.585 278.661 526.797 275.639 592.415 249.339 591.203 MCV 0.765625
419.755 559.904 427.078 618.889 401.245 622.096 393.922 563.111 MCV 0.753418
622.011 322.561 627.412 359.291 503.989 377.439 498.588 340.709 LMV 0.583984
184.309 428.282 214.234 430.165 212.941 450.718 183.016 448.835 CV 0.542969
208.318 523.101 240.037 523.149 239.932 591.899 208.213 591.851 LMV 0.445312
530.48 390.747 533.517 449.919 507.52 451.253 504.483 392.081 LMV 0.442871
251.104 526.443 278.996 527.341 276.896 592.557 249.004 591.659 LMV 0.37207
185.424 448.94 214.935 450.049 213.826 479.56 184.315 478.451 CV 0.296387
468.224 572.512 474.997 613.297 455.776 616.488 449.003 575.703 MCV 0.288574
