48.2842 478.355 55.5574 499.35 9.96575 515.144 2.69257 494.15 CV 0.914062
188.744 361.647 194.186 380.242 154.506 391.853 149.064 373.258 SMV 0.912109
212.554 421.7 217.968 443.845 175.196 454.3 169.782 432.155 SMV 0.907227
149.781 418.555 155.757 436.195 112.219 450.945 106.243 433.305 CV 0.893555
191.559 544.027 197.229 561.785 162.191 572.973 156.521 555.215 CV 0.886719
246.532 7.14001 259.894 47.3532 240.218 53.8912 226.856 13.678 SMV 0.880859
68.9277 212.343 74.2293 228.726 38.1348 240.407 32.8332 224.024 CV 0.87793
37.4452 129.282 43.2033 149.25 0.836044 161.468 -4.92209 141.5 CV 0.873047
196.318 383.229 201.597 402.746 162.682 413.271 157.403 393.754 SMV 0.873047
175.185 317.987 180.806 339.176 138.065 350.513 132.444 329.324 SMV 0.865723
172.803 39.9968 182.613 80.9957 161.947 85.9407 152.137 44.9418 SMV 0.864746
582.928 18.0046 594.031 58.7373 571.072 64.9954 559.969 24.2627 SMV 0.861328
73.3626 563.464 79.8168 581.467 40.5749 595.536 34.1207 577.533 CV 0.860352
139.248 397.725 144.726 415.116 106.127 427.275 100.649 409.884 CV 0.860352
266.907 -1.49207 279.66 39.835 258.593 46.3358 245.84 5.00873 SMV 0.854004
290.203 -7.04658 302.117 32.3802 281.297 38.6716 269.383 -0.755194 SMV 0.836914
149.443 46.1791 164.774 85.7505 145.557 93.1959 130.226 53.6245 SMV 0.832031
208.586 586.181 212.551 606.07 168.664 614.819 164.699 594.93 CV 0.824219
626.146 59.8979 640.444 102.928 618.854 110.102 604.556 67.0715 SMV 0.819336
219.164 443.695 226.327 466.748 181.086 480.805 173.923 457.752 SMV 0.806641
100.634 124.135 106.925 146.275 62.6162 158.865 56.3254 136.725 SMV 0.787109
53.4834 170.862 60.0545 188.122 18.6416 203.888 12.0705 186.628 CV 0.766602
15.4568 421.198 23.8132 438.296 -0.753626 450.302 -9.11005 433.204 CV 0.760742
104.466 148.784 110.325 167.971 69.4093 180.466 63.5498 161.279 SMV 0.685547
314.24 -6.37131 326.153 28.7905 305.76 35.6994 293.847 0.537579 SMV 0.648438
113.652 166.05 121.132 187.37 76.7226 202.95 69.2433 181.63 SMV 0.640625
157.072 272.368 163.702 295.19 117.428 308.632 110.798 285.81 SMV 0.630371
168.443 -2.65772 193.342 5.14596 185.557 29.9858 160.658 22.1822 SMV 0.4375
200.747 -2.16742 221.865 -1.61692 221.503 12.269 200.385 11.7185 SMV 0.335938
88.6768 625.037 105.59 629.218 101.698 644.963 84.7852 640.782 CV 0.284912
