135.983 427.574 183.142 496.709 163.767 509.926 116.608 440.791 LMV 0.867188
524.311 148.702 574.817 220.613 555.689 234.048 505.183 162.137 LMV 0.853027
104.43 114.944 156.867 184.287 139.32 197.556 86.8826 128.213 LMV 0.850586
164.515 412.702 209.871 482.362 189.235 495.798 143.879 426.138 LMV 0.847168
549.738 134.429 598.116 202.179 577.262 217.071 528.884 149.321 LMV 0.847168
475.493 186.006 527.616 254.724 505.507 271.494 453.384 202.776 LMV 0.845703
420.6 227.06 469.858 290.573 449.4 306.44 400.142 242.927 LMV 0.835938
95.1866 459.441 137.551 526.713 115.563 540.559 73.199 473.287 LMV 0.829102
162.87 85.7223 203.063 158.198 180.38 170.778 140.187 98.3015 LMV 0.819336
132.233 99.7913 178.639 167.397 158.517 181.209 112.111 113.603 LMV 0.811523
444.389 205.213 498.644 274.259 477.611 290.787 423.356 221.741 LMV 0.800293
191.261 70.7127 231.551 145.415 206.989 158.662 166.699 83.9598 LMV 0.798828
64.1506 145.215 112.486 212.073 91.0994 227.535 42.7638 160.677 LMV 0.798828
185.145 386.968 239.338 462.392 220.355 476.032 166.162 400.608 LMV 0.791992
341.66 254.316 401.219 348.28 375.34 364.684 315.781 270.72 LMV 0.710938
28.5948 173.276 68.9902 234.53 47.4677 248.724 7.07228 187.47 LMV 0.706543
573.605 112.564 630.86 190.709 609.395 206.436 552.14 128.291 LMV 0.697266
64.8835 475.76 114.301 540.254 94.7415 555.24 45.3244 490.746 LMV 0.632324
293.055 296.858 340.87 372.294 317.445 387.142 269.63 311.706 LMV 0.603516
311.722 274.048 373.751 362.917 350.778 378.952 288.749 290.083 LMV 0.52832
41.21 551.246 66.989 585.545 49.415 598.754 23.636 564.455 SMV 0.49707
57.5589 539.575 84.5426 569.229 68.9411 583.425 41.9574 553.771 SMV 0.486816
54.8501 538.29 82.2393 569.26 65.8999 583.71 38.5107 552.74 LMV 0.481445
6.84216 545.014 52.0131 606.289 30.7203 621.986 -14.4506 560.711 LMV 0.475586
41.5843 549.742 66.4238 584.419 47.1032 598.258 22.2637 563.581 LMV 0.42041
69.2511 292.689 96.0193 325.094 80.6239 337.811 53.8557 305.406 MCV 0.396484
-1.24324 582.226 28.2981 630.167 9.46199 641.774 -20.0794 593.833 LMV 0.374023
162.755 209.272 181.949 237.978 166.245 248.478 147.051 219.772 SMV 0.364502
88.8392 279.387 112.614 314.351 96.7858 325.113 73.0111 290.149 MCV 0.358154
274.074 74.4135 290.284 95.3775 244.426 130.837 228.216 109.873 LMV 0.289551
286.162 101.628 304.164 124.841 253.838 163.872 235.836 140.659 LMV 0.264404
336.768 312.644 376.082 367.36 351.732 384.856 312.418 330.14 LMV 0.260498
