339.607 205.948 382.619 208.59 381.393 228.552 338.381 225.91 CV 0.918945
340.27 274.399 379.081 274.102 379.23 293.601 340.419 293.898 CV 0.90625
91.5852 379.236 109.478 382.907 101.915 419.764 84.022 416.093 CV 0.89502
61.2461 498.409 80.0384 501.699 73.7539 537.591 54.9616 534.3 CV 0.894531
343.203 183.359 384.828 183.423 384.797 204.141 343.172 204.077 CV 0.884766
88.0983 505.93 106.042 509.887 97.4017 549.07 79.4578 545.113 CV 0.860352
452.917 206.039 490.167 206.211 490.083 224.461 452.833 224.289 CV 0.845215
489.706 161.453 490.45 178.562 456.294 180.047 455.55 162.938 CV 0.84375
112.151 393.937 130.402 395.438 127.349 432.563 109.098 431.062 CV 0.825195
-0.754198 408.789 18.3261 409.506 17.5667 429.711 -1.51358 428.994 CV 0.811523
377.492 29.6408 379.55 48.4662 344.508 52.2967 342.45 33.4713 CV 0.770996
341.491 250.542 376.802 250.163 377.009 269.458 341.698 269.837 CV 0.755859
377.409 313.851 381.067 334.863 342.091 341.649 338.433 320.637 CV 0.753418
378.956 54.2492 379.105 72.1392 343.044 72.4383 342.895 54.5483 CV 0.733887
-1.44623 435.567 17.7316 436.553 16.7353 455.933 -2.44251 454.947 CV 0.730469
449.322 382.503 489.315 381.766 489.678 401.497 449.685 402.234 CV 0.634277
447.922 -0.583134 479.341 0.501728 479.078 8.10657 447.659 7.02171 CV 0.471191
337.971 484.004 369.856 497.262 340.029 568.996 308.144 555.738 MCV 0.291504
