326.146 517.292 347.015 553.74 331.354 562.708 310.485 526.26 CV 0.93457
595.298 367.049 614.576 400.338 599.702 408.951 580.424 375.662 CV 0.927734
384.588 483.948 404.199 520.911 387.912 529.552 368.301 492.589 CV 0.917969
530.692 517.501 551.503 556.268 534.308 565.499 513.497 526.732 CV 0.90625
538.85 400.646 555.979 438.172 539.15 445.854 522.021 408.328 CV 0.902344
455.023 563.227 473.785 598.59 456.477 607.773 437.715 572.41 CV 0.901367
365.512 496.444 383.295 532.831 367.488 540.556 349.705 504.169 CV 0.900391
498.485 419.31 516.369 457.208 500.515 464.69 482.631 426.792 CV 0.898438
493.442 541.485 511.528 578.768 495.558 586.515 477.472 549.232 CV 0.895508
433.981 570.775 454.68 611.504 437.519 620.225 416.82 579.496 CV 0.89502
213.667 580.477 234.466 617.468 216.583 627.523 195.784 590.532 CV 0.888672
481.753 432.408 500.39 467.871 484.747 476.092 466.11 440.629 CV 0.888672
509.255 526.343 528.604 564.323 512.245 572.657 492.896 534.677 CV 0.885742
615.807 359.35 632.242 390.109 617.193 398.15 600.758 367.391 CV 0.880859
346.011 506.875 364.905 541.42 348.989 550.125 330.095 515.58 CV 0.876953
415.074 583.137 434.493 619.565 418.926 627.863 399.507 591.435 CV 0.876953
476.059 552.841 493.155 587.058 476.941 595.159 459.845 560.942 CV 0.87207
627.127 462.618 650.016 505.057 630.873 515.382 607.984 472.943 CV 0.869141
379.011 605.756 397.141 638.224 380.989 647.244 362.859 614.776 CV 0.868164
420.815 457.067 442.438 497.065 424.185 506.933 402.562 466.935 CV 0.866211
519.68 408.852 536.524 445.752 520.32 453.148 503.476 416.248 CV 0.863281
557.784 386.275 577.04 423.53 560.216 432.225 540.96 394.97 CV 0.847168
576.451 378.276 596.613 412.859 580.549 422.224 560.387 387.641 CV 0.845703
396.955 595.898 414.202 629.267 399.045 637.102 381.798 603.733 CV 0.842285
269.714 547.49 290.193 585.371 273.286 594.51 252.807 556.629 CV 0.835938
633.175 349.823 649.75 381.287 633.825 389.677 617.25 358.213 CV 0.745605
328.911 628.007 346.361 628.355 346.089 641.993 328.639 641.645 CV 0.428223
634.69 452.401 651.989 463.46 642.31 478.599 625.011 467.54 CV 0.374023
