382.244 140.849 396.733 155.878 363.256 188.151 348.767 173.122 CV 0.929688
599.153 441.396 613.424 456.199 580.847 487.604 566.576 472.801 CV 0.924805
73.4681 339.595 97.8548 362.38 20.2819 445.405 -4.10483 422.62 CV 0.912109
545.526 494.016 560.369 509.549 527.474 540.984 512.631 525.451 CV 0.90918
480.578 559.335 498.797 575.149 458.422 621.665 440.203 605.851 CV 0.908203
286.964 424.163 302.632 440.916 269.036 472.337 253.368 455.584 CV 0.904297
161.625 -10.896 176.379 6.15304 139.375 38.1772 124.621 21.1282 CV 0.900391
119.513 411.928 133.818 428.104 98.2369 459.572 83.9316 443.396 CV 0.900391
267.264 391.496 282.078 406.862 248.736 439.004 233.922 423.638 CV 0.895508
278.647 137.621 293.926 152.524 262.853 184.379 247.574 169.476 CV 0.888672
555.384 138.593 571.176 154.133 542.616 183.157 526.824 167.617 CV 0.865723
626.788 464.18 640.245 481.743 606.212 507.82 592.755 490.257 CV 0.847168
452.558 249.966 469.797 269.325 431.942 303.034 414.703 283.675 CV 0.841309
467.502 183.02 484.059 200.951 450.998 231.48 434.441 213.549 CV 0.84082
409.026 627.152 429.115 629.441 427.474 643.848 407.385 641.559 CV 0.834961
619.692 34.2051 635.42 52.0423 603.308 80.3575 587.58 62.5202 CV 0.813477
199.528 262.379 221.505 282.221 118.222 396.621 96.2448 376.779 CV 0.798828
263.789 196.663 287.89 221.348 142.461 363.337 118.36 338.652 CV 0.763672
237.555 223.209 260.601 245.275 117.445 394.791 94.3987 372.725 CV 0.484863
251.986 208.662 276.715 233.695 127.764 380.838 103.035 355.805 CV 0.428223
415.445 -2.3535 440.847 -1.886 440.555 14.0019 415.153 13.5344 CV 0.350586
633.49 100.691 647.839 106.364 639.51 127.434 625.161 121.761 CV 0.33667
