245.053 429.18 251.193 495.521 220.947 498.32 214.807 431.979 AFV 0.917969
303.664 563.908 306.643 629.465 270.836 631.092 267.857 565.535 AFV 0.914062
238.225 363.625 240.691 429.203 209.525 430.375 207.059 364.797 AFV 0.904297
274.544 362.365 276.995 425.88 244.456 427.135 242.005 363.62 AFV 0.886719
283.803 431.371 286.173 494.389 253.197 495.629 250.827 432.611 AFV 0.885742
50.5329 0.4837 55.5283 58.1427 25.9671 60.7038 20.9717 3.04479 AFV 0.885742
416.405 543.157 425.583 606.875 391.095 611.843 381.917 548.125 AFV 0.882812
266.624 571.047 271.324 634.686 240.626 636.953 235.926 573.314 AFV 0.880859
292.639 497.792 295.822 563.59 262.361 565.208 259.178 499.41 AFV 0.875977
256.69 502.337 260.069 568.188 231.31 569.663 227.931 503.812 AFV 0.875
15.2702 3.60475 19.1511 61.5374 -2.05141 62.9578 -5.93232 5.0251 AFV 0.875
334.85 484.463 342.824 549.728 311.65 553.537 303.676 488.272 AFV 0.870605
84.5224 -2.15918 91.4908 60.4543 60.7276 63.8779 53.7592 1.2645 AFV 0.867188
121.968 -1.93857 128.074 57.1216 94.7824 60.5636 88.6763 1.50339 AFV 0.867188
378.137 547.296 386.742 613.426 353.863 617.704 345.258 551.574 AFV 0.856445
343.318 553.79 350.599 620.393 315.682 624.21 308.401 557.607 AFV 0.84375
371.069 466.82 379.94 534.995 343.931 539.68 335.06 471.505 AFV 0.84082
362.5 401.938 369.582 474.594 334 478.062 326.918 405.406 AFV 0.839355
576.033 286.849 578.992 351.969 541.967 353.651 539.008 288.531 AFV 0.833496
532.859 200.652 534.567 264.254 503.141 265.098 501.433 201.496 AFV 0.825195
121.953 547.582 138.071 600.364 108.422 609.418 92.3042 556.636 AFV 0.81543
584.804 433.673 595.217 499.985 561.196 505.327 550.783 439.015 AFV 0.811523
541.117 338.14 542.869 403.367 505.883 404.36 504.131 339.133 AFV 0.80957
571.487 209.471 574.292 273.973 538.513 275.529 535.708 211.027 AFV 0.804688
549.985 474.387 555.514 538.211 522.015 541.113 516.486 477.289 AFV 0.798828
536.04 268.182 539.077 329.733 506.96 331.318 503.923 269.767 AFV 0.78418
125.982 600.511 157.266 629.371 135.018 653.489 103.734 624.629 AFV 0.774414
543.92 410.346 547.383 480.51 514.08 482.154 510.617 411.99 AFV 0.769531
607.705 210.262 636.477 209.512 638.295 279.238 609.523 279.988 AFV 0.761719
38.8527 519.421 55.0867 570.955 27.7098 579.579 11.4758 528.045 SMV 0.759277
578.973 359.001 580.733 424.54 545.027 425.499 543.267 359.96 AFV 0.759277
571.979 137.693 574.096 202.409 539.021 203.557 536.904 138.841 AFV 0.753418
45.082 403.221 56.7169 453.582 27.7305 460.279 16.0956 409.918 AFV 0.751953
78.43 606.912 110.054 615.425 102.07 645.088 70.4456 636.575 AFV 0.713379
608.734 288.34 639.878 286.187 644.266 349.66 613.122 351.813 AFV 0.706543
111.209 490.752 121.751 545.878 93.6663 551.248 83.1239 496.122 AFV 0.664062
615.56 358.05 641.028 358.265 640.44 427.95 614.972 427.735 AFV 0.638184
89.5375 559.124 101.356 611.206 71.9625 617.876 60.1441 565.794 AFV 0.617188
340.908 622.607 358.571 631.443 350.092 648.393 332.429 639.557 AFV 0.566895
31.782 462.17 48.0741 516.661 14.0617 526.83 -2.23031 472.339 SMV 0.563477
15.97 411.962 26.2585 463.571 1.3425 468.538 -8.94598 416.929 AFV 0.556641
32.8078 467.822 44.2067 514.063 11.286 522.178 -0.112972 475.937 AFV 0.455566
606.996 138.985 636.08 138.227 638.004 212.015 608.92 212.773 AFV 0.404785
41.5792 612.828 71.9981 621.247 64.5458 648.172 34.1269 639.753 AFV 0.363525
554.735 549.023 558.2 610.676 517.265 612.977 513.8 551.324 AFV 0.363281
91.9712 559.507 103.922 614.664 72.4038 621.493 60.4526 566.336 SMV 0.357422
48.6198 581.61 74.3322 635.959 45.9427 649.39 20.2303 595.041 AFV 0.329346
571.772 467.51 578.611 522.587 555.228 525.49 548.389 470.413 AFV 0.296875
623.594 435.989 639.714 435.594 641.406 504.511 625.286 504.906 AFV 0.276367
