135.2 343.097 138.699 360.833 97.8004 368.903 94.3007 351.167 CV 0.918945
0.756342 275.315 36.1924 278.311 34.6812 296.185 -0.754904 293.189 CV 0.915039
-0.868585 343.534 31.5886 345.728 30.3217 364.466 -2.13545 362.272 CV 0.912109
0.706702 366.544 29.4834 367.98 28.512 387.456 -0.264682 386.02 CV 0.912109
148.855 409.299 153.33 427.764 114.395 437.201 109.92 418.736 CV 0.905273
139.66 321.214 141.487 338.556 106.09 342.286 104.263 324.944 CV 0.898438
126.921 174.842 131.187 192.908 93.0794 201.908 88.8127 183.842 CV 0.890625
-0.704325 230.193 37.8342 231.554 37.1106 252.057 -1.42793 250.696 CV 0.889648
134.36 245.985 137.832 264.141 101.89 271.015 98.4178 252.859 CV 0.879883
31.063 105.226 41.0186 147.378 22.4057 151.774 12.4501 109.622 CV 0.875977
144.755 387.654 149.278 406.558 108.37 416.346 103.847 397.442 CV 0.874023
139.403 290.897 143.393 310.416 103.347 318.603 99.3565 299.084 CV 0.870605
52.3841 98.663 63.4319 137.4 43.9284 142.962 32.8806 104.225 CV 0.869141
12.1369 114.322 20.2234 151.643 2.75377 155.428 -5.33278 118.107 CV 0.866211
139.622 268.385 142.888 285.466 105.503 292.615 102.237 275.534 CV 0.866211
325.108 -1.53386 345.223 -0.251588 343.392 28.4714 323.277 27.1891 CV 0.864746
-0.799071 389.159 24.8358 390.536 23.9866 406.341 -1.64832 404.964 CV 0.863281
142.767 362.899 147.192 381.634 107.108 391.101 102.683 372.366 CV 0.841309
260.214 160.116 282.806 159.856 283.286 201.634 260.694 201.894 CV 0.839355
279.267 0.19601 298.669 -0.205791 299.233 27.054 279.831 27.4558 CV 0.807617
131.394 197.468 135.537 216.954 90.4809 226.532 86.3384 207.046 CV 0.780273
123.364 226.035 127.21 244.13 99.7614 249.965 95.9145 231.87 CV 0.692871
0.132844 531.513 19.4412 545.82 7.832 561.487 -11.4764 547.18 CV 0.487305
