176.156 324.499 226.282 346.207 216.844 368.001 166.718 346.293 CV 0.923828
258.836 199.324 302.568 218.023 294.164 237.676 250.432 218.977 CV 0.90918
304.386 367.341 343.403 389.129 333.614 406.659 294.597 384.871 CV 0.90625
289.735 160.228 330.327 181.196 321.765 197.772 281.173 176.804 CV 0.904297
382.794 240.364 428.703 260.794 419.206 282.136 373.297 261.706 CV 0.902344
234.667 242.201 274.229 262.368 264.833 280.799 225.271 260.632 CV 0.902344
316.768 113.736 359.514 133.869 350.732 152.514 307.986 132.381 CV 0.898438
216.708 287.865 258.337 306.842 249.542 326.135 207.913 307.158 CV 0.89502
430.776 143.522 476.842 168.834 465.224 189.978 419.158 164.666 CV 0.894531
274.82 409.501 314.316 428.175 305.18 447.499 265.684 428.825 CV 0.893555
222.2 264.572 261.689 282.365 253.55 300.428 214.061 282.635 CV 0.890625
578.092 263.63 619.039 284.315 608.908 304.37 567.961 283.685 CV 0.884766
146.497 393.825 187.878 413.626 179.003 432.175 137.622 412.374 CV 0.878906
279.771 178.409 322.814 199.863 313.229 219.091 270.186 197.637 CV 0.874023
156.311 369.839 197.636 388.727 189.439 406.661 148.114 387.773 CV 0.870605
327.63 83.431 372.19 103.509 362.87 124.194 318.31 104.116 CV 0.869141
599.236 215.931 638.798 236.098 629.764 253.819 590.202 233.652 CV 0.869141
402.994 543.922 446.391 563.234 438.006 582.078 394.609 562.766 CV 0.869141
289.344 391.327 326.353 408.308 318.156 426.173 281.147 409.192 CV 0.866211
304.778 138.089 345.404 157.297 336.722 175.661 296.096 156.453 CV 0.856445
575.765 -4.6852 602.786 -1.16243 599.235 26.0758 572.214 22.5531 CV 0.802246
202.677 23.1494 244.41 39.647 234.323 65.1631 192.59 48.6655 CV 0.746094
264.162 425.918 362.112 482.512 347.338 508.082 249.388 451.488 CV 0.418945
