385.429 262.279 416.672 262.926 415.071 340.221 383.828 339.574 LMV 0.826172
39.8964 200.807 69.2836 201.866 66.6036 276.193 37.2164 275.134 LMV 0.813477
95.7136 201.014 127.651 201.112 127.411 279.236 95.474 279.138 LMV 0.794434
526.836 360.58 577.595 368.906 573.164 395.92 522.405 387.594 SMV 0.750977
167.863 505.485 202.084 507.981 196.137 589.515 161.916 587.019 LMV 0.742188
351.394 131.967 384.203 134.868 376.606 220.783 343.797 217.882 LMV 0.679199
174.49 373.786 328.47 407.485 320.76 442.714 166.78 409.015 LMV 0.624023
111.889 92.3921 149.224 95.5489 141.736 184.108 104.401 180.951 LMV 0.594727
39.6155 200.967 70.1976 201.811 68.1345 276.533 37.5524 275.689 MCV 0.540527
-6.16258 402.319 136.879 419.956 132.413 456.181 -10.6292 438.544 LMV 0.536133
467.402 147.96 497.996 152.665 484.098 243.04 453.504 238.335 LMV 0.520996
147.364 427.455 299.195 464.353 290.886 498.545 139.055 461.647 LMV 0.46875
241.202 110.761 273.529 114.395 264.048 198.739 231.721 195.105 LMV 0.426514
183.608 100.333 219.505 105.598 205.892 198.417 169.995 193.152 LMV 0.411621
168.427 505.923 200.898 508.368 194.823 589.077 162.352 586.632 MCV 0.403809
420.89 136.698 454.558 145.046 433.11 231.552 399.442 223.204 MCV 0.401855
296.594 120.842 328.749 124.608 318.906 208.658 286.751 204.892 LMV 0.380371
417.069 136.062 449.293 142.88 431.931 224.938 399.707 218.12 LMV 0.316162
241.065 112.311 275.544 116.105 265.685 205.689 231.206 201.895 MCV 0.315186
199.922 629.639 224.951 629.908 224.828 641.361 199.799 641.092 LMV 0.258301
