593.82 223.82 613.171 260.815 597.18 269.18 577.829 232.185 CV 0.929688
594.597 100.516 614.666 128.077 601.403 137.734 581.334 110.173 CV 0.899414
612.623 210.914 631.907 246.67 615.377 255.586 596.093 219.83 CV 0.899414
598.482 374.085 604.357 390.271 569.518 402.915 563.643 386.729 CV 0.883789
575.93 111.442 596.618 145.311 581.07 154.808 560.382 120.939 CV 0.880859
617.072 266.243 634.623 303.435 615.928 312.257 598.377 275.065 CV 0.871582
582.769 532.285 606.811 575.34 588.231 585.715 564.189 542.66 CV 0.868164
557.206 124.096 574.297 156.771 557.794 165.404 540.703 132.729 CV 0.857422
631.152 199.842 649.915 234.388 632.848 243.658 614.085 209.112 CV 0.837891
610.293 87.313 630.528 115.101 617.707 124.437 597.472 96.6487 CV 0.836914
472.705 303.631 480.474 320.179 442.795 337.869 435.026 321.321 CV 0.819824
479.583 327.238 486.343 342.973 451.917 357.762 445.157 342.027 CV 0.816406
382.317 606.137 401.133 639.223 384.183 648.863 365.367 615.777 CV 0.805664
626.496 66.6432 649.6 106.095 632.504 116.107 609.4 76.6553 CV 0.797852
577.353 239.874 591.88 272.369 575.647 279.626 561.12 247.131 CV 0.737793
635.246 253.431 654.27 280.433 637.754 292.069 618.73 265.067 CV 0.628906
