550.843 250.337 553.735 338.728 525.157 339.663 522.265 251.272 LMV 0.833496
497.759 241.834 498.864 340.328 468.741 340.666 467.636 242.172 LMV 0.67334
582.52 612.375 598.128 612.159 598.48 637.625 582.872 637.841 SMV 0.523438
562.547 609.533 579.824 609.162 580.453 638.467 563.176 638.838 SMV 0.520996
547.122 607.206 562.944 606.745 563.878 638.794 548.056 639.255 SMV 0.509277
530.793 606.919 547.255 606.439 548.207 639.081 531.745 639.561 SMV 0.458008
501.372 466.487 501.869 492.576 452.628 493.513 452.131 467.424 MCV 0.399414
560.278 329.215 560.849 273.53 585.722 273.785 585.151 329.47 SMV 0.359131
585.423 271.805 586.525 329.701 560.577 330.195 559.475 272.299 LMV 0.304199
515.593 606.942 532.238 606.329 533.407 638.058 516.762 638.671 SMV 0.297363
498.369 608.906 516.427 608.477 517.131 638.094 499.073 638.523 SMV 0.250977
