94.9992 336.285 106.941 360.361 46.7508 390.215 34.809 366.139 LMV 0.573242
122.17 386.371 134.795 411.887 76.7047 440.629 64.0796 415.113 LMV 0.562012
82.1252 308.356 95.7262 332.938 32.9998 367.644 19.3988 343.062 LMV 0.520996
63.198 277.764 76.0217 303.809 15.2395 333.736 2.41585 307.691 LMV 0.487305
48.5388 242.035 61.6991 267.93 3.58624 297.465 -9.57414 271.57 LMV 0.445312
64.6147 278.29 77.2594 303.413 16.0728 334.21 3.42809 309.087 MCV 0.408203
344.752 582.76 358.901 613.126 279.248 650.24 265.099 619.874 LMV 0.397217
112.603 360.084 124.23 383.41 61.0215 414.916 49.3951 391.59 LMV 0.395508
343.042 586.696 355.301 614.334 276.458 649.304 264.199 621.666 MCV 0.395508
627.871 600.766 647.684 607.29 640.129 630.234 620.316 623.71 SMV 0.387695
389.54 97.3443 399.148 115.453 366.96 132.531 357.352 114.422 SMV 0.324951
377.835 67.2082 386.245 87.2155 352.165 101.542 343.755 81.5345 SMV 0.323975
496.727 -14.217 506.618 7.34083 470.773 23.7873 460.882 2.22948 LMV 0.306396
36.1828 214.18 51.2889 239.518 0.879658 269.57 -14.2264 244.232 LMV 0.292725
100.263 182.311 124.398 240.842 97.4872 251.939 73.3516 193.408 LMV 0.287109
38.0511 211.761 53.3332 237.395 -0.0823574 269.239 -15.3645 243.605 MCV 0.26001
