563.661 171.001 583.813 220.696 563.339 228.999 543.187 179.304 CV 0.908203
621.027 384.863 643.909 436.864 623.973 445.637 601.091 393.636 CV 0.899414
449.063 208.381 472.408 267.434 450.437 276.119 427.092 217.066 CV 0.898438
541.208 184.816 563.256 236.837 541.792 245.934 519.744 193.913 CV 0.895508
145.044 351.329 150.922 373.064 111.706 383.671 105.828 361.936 CV 0.882812
156.351 373.108 162.573 393.132 119.899 406.392 113.677 386.368 CV 0.880859
536.513 283.181 554.259 329.792 534.487 337.319 516.741 290.708 CV 0.880859
516.065 293.856 533.778 344.505 511.935 352.144 494.222 301.495 CV 0.879883
74.9836 589.228 80.3667 610.527 39.8289 620.772 34.4458 599.473 CV 0.874023
586.635 263.263 608.164 317.724 585.365 326.737 563.836 272.276 CV 0.871582
445.016 329.153 458.64 374.723 436.484 381.347 422.86 335.777 CV 0.870117
416.414 337.464 431.366 380.899 412.086 387.536 397.134 344.101 CV 0.869141
77.3807 559.134 83.0951 582.315 32.1818 594.866 26.4674 571.685 CV 0.867188
232.051 566.086 237.508 591.634 184.699 602.914 179.242 577.366 CV 0.863281
476.68 213.838 492.361 259.535 472.32 266.412 456.639 220.715 CV 0.863281
598.473 400.164 614.962 447.168 594.527 454.336 578.038 407.332 CV 0.853027
148.458 325.639 152.507 348.121 109.542 355.861 105.493 333.379 CV 0.849609
497.847 198.022 516.451 249.913 494.653 257.728 476.049 205.837 CV 0.848633
85.7623 613.313 92.4414 633.815 49.8627 647.687 43.1836 627.185 CV 0.847168
561.467 277.608 577.751 320.763 557.533 328.392 541.249 285.237 CV 0.838867
488.929 301.495 506.082 350.088 485.071 357.505 467.918 308.912 CV 0.836914
484.187 445.284 504.141 491.606 485.313 499.716 465.359 453.394 CV 0.834961
566.624 408.737 585.479 450.043 566.376 458.763 547.521 417.457 CV 0.833496
166.359 391.398 173.243 414.422 124.141 429.102 117.257 406.078 CV 0.831543
235.8 617.729 238.656 640.551 192.95 646.271 190.094 623.449 CV 0.829102
509.081 432.552 531.751 487.225 511.919 495.448 489.249 440.775 CV 0.819824
534.814 428.858 548.94 468.875 531.186 475.142 517.06 435.125 CV 0.819824
189.93 443.184 197.398 464.739 155.32 479.316 147.852 457.761 CV 0.819336
180.18 417.027 187.35 441.009 142.32 454.473 135.15 430.491 CV 0.762695
465.432 465.447 480.613 505.678 461.068 513.053 445.887 472.822 CV 0.738281
243.062 591.607 247.481 612.392 200.438 622.393 196.019 601.608 CV 0.647949
404.16 247.488 429.902 249.783 427.34 278.512 401.598 276.217 CV 0.330322
443.659 473.231 457.28 507.296 439.841 514.269 426.22 480.204 CV 0.278564
