469.759 470.685 516.906 475.327 514.741 497.315 467.594 492.673 CV 0.935547
501.978 513.031 524.015 514.079 522.022 555.969 499.985 554.921 CV 0.931641
237.146 32.4219 283.206 34.1882 282.354 56.3906 236.294 54.6243 CV 0.928711
378.533 512.884 400.375 513.118 399.967 551.116 378.125 550.882 CV 0.926758
232.285 76.2568 283.53 76.9641 283.215 99.7432 231.97 99.0359 CV 0.918945
555.26 510.48 576.148 511.683 573.74 553.52 552.852 552.317 CV 0.918945
462.846 370.258 484.255 371.359 482.154 412.242 460.745 411.141 CV 0.915039
489.627 373.2 510.668 374.153 508.873 413.8 487.832 412.847 CV 0.912109
520.002 371.221 541.869 373.341 537.998 413.279 516.131 411.159 CV 0.912109
375.568 367.359 398.554 368.17 396.932 414.141 373.946 413.33 CV 0.905273
476.441 511.153 500.384 513.028 496.559 561.847 472.616 559.972 CV 0.900391
348.124 361.747 372.94 362.527 371.376 412.253 346.56 411.473 CV 0.900391
589.122 516.532 610.758 517.478 608.878 560.468 587.242 559.522 CV 0.898438
450.164 505.771 472.848 507.689 469.336 549.229 446.652 547.311 CV 0.898438
547.629 386.078 566.559 388.575 561.371 427.922 542.441 425.425 CV 0.894531
425.137 505.769 446.32 506.679 444.363 552.231 423.18 551.321 CV 0.892578
570.298 389.699 589.771 390.731 587.702 429.801 568.229 428.769 CV 0.890625
318.707 377.329 340.469 376.929 341.293 421.671 319.531 422.071 CV 0.888672
400.944 509.68 422.104 510.377 420.556 557.32 399.396 556.623 CV 0.886719
121.96 29.8366 166.861 30.5252 166.54 51.4759 121.639 50.7873 CV 0.884766
444.57 370.721 462.949 371.708 460.93 409.279 442.551 408.292 CV 0.883789
613.04 519.449 634.878 519.968 633.96 558.551 612.122 558.032 CV 0.878906
232.161 118.928 290.034 119.416 289.839 142.572 231.966 142.084 CV 0.875
116.923 50.068 163.846 51.2196 163.327 72.3695 116.404 71.2179 CV 0.862305
248.879 9.82717 283.707 10.8691 283.121 30.4541 248.293 29.4122 CV 0.807617
115.036 6.8545 170.089 7.86771 169.714 28.2705 114.661 27.2573 CV 0.800781
620.773 376.544 640.458 376.182 641.227 417.956 621.542 418.318 CV 0.797852
320.399 501.39 347.365 501.803 346.601 551.61 319.635 551.197 CV 0.763672
304.469 500.879 324.065 501.586 322.531 544.121 302.935 543.414 CV 0.699219
243.002 -1.82211 284.828 -0.602777 284.498 10.6971 242.672 9.47778 CV 0.619629
215.311 554.006 247.232 555.034 244.689 633.994 212.768 632.966 LMV 0.575195
153.887 546.278 187.261 546.098 187.613 611.722 154.239 611.902 LMV 0.469727
128.542 537.294 159.309 538.238 157.208 606.706 126.441 605.762 LMV 0.412842
564.8 614.026 594.304 615.294 593.2 640.974 563.696 639.706 CV 0.304199
176.895 541.659 218.874 543.753 214.855 624.341 172.876 622.247 LMV 0.27002
