473.695 398.157 489.801 441.479 467.305 449.843 451.199 406.521 SMV 0.933594
394.496 426.228 411.663 471.722 389.004 480.272 371.837 434.778 SMV 0.897461
448.424 406.083 464.094 450.891 442.576 458.417 426.906 413.609 SMV 0.889648
577.15 442.308 602.666 507.224 579.85 516.192 554.334 451.276 LMV 0.876953
301.027 577.404 319.871 637.225 296.473 644.596 277.629 584.775 LMV 0.859863
419.188 514.295 443.376 584.561 416.812 593.705 392.624 523.439 LMV 0.837891
476.656 486.223 500.75 551.812 476.344 560.777 452.25 495.188 LMV 0.837891
365.966 438.756 385.379 484.562 362.534 494.244 343.121 448.438 SMV 0.834961
578.182 353.756 601.108 417.509 576.818 426.244 553.892 362.491 LMV 0.834961
425.045 417.291 439 463.968 416.455 470.709 402.5 424.032 SMV 0.833496
570.275 160.661 592.82 225.742 568.725 234.089 546.18 169.008 LMV 0.831543
329.708 564.498 356.591 632.502 331.292 642.502 304.409 574.498 LMV 0.824219
464.087 224.929 491.277 289.433 468.413 299.071 441.223 234.567 LMV 0.816406
523.311 192.459 548.625 254.02 526.689 263.041 501.375 201.48 LMV 0.813477
445.985 502.744 472.506 570.219 449.515 579.256 422.994 511.781 LMV 0.808594
549.349 450.247 574.328 516.441 549.651 525.753 524.672 459.559 LMV 0.805664
391.77 242.432 410.36 291.263 387.23 300.068 368.64 251.237 SMV 0.772949
488.7 198.363 524.758 280.96 500.3 291.637 464.242 209.04 LMV 0.762695
359.961 541.538 389.522 615.472 364.539 625.462 334.978 551.528 LMV 0.757324
287.835 290.946 302.131 331.699 281.165 339.054 266.869 298.301 SMV 0.745605
206.034 316.163 222.359 360.203 197.716 369.337 181.391 325.297 SMV 0.690918
311.132 281.208 326.261 324.881 304.868 332.292 289.739 288.619 SMV 0.687988
115.475 251.327 124.585 276.428 55.0246 301.673 45.9148 276.572 LMV 0.66748
173.177 589.059 192.669 637.807 167.323 647.941 147.831 599.193 LMV 0.65625
199.304 581.782 217.504 636.556 194.446 644.218 176.246 589.444 LMV 0.623047
71.3644 555.358 88.9035 611.036 64.7606 618.642 47.2215 562.964 LMV 0.596191
518.243 471.371 541.532 532.725 516.757 542.129 493.468 480.775 LMV 0.544922
175.503 522.03 196.578 566.577 172.497 577.97 151.422 533.423 SMV 0.541016
262.13 583.436 281.733 639.316 255.37 648.564 235.767 592.684 LMV 0.504883
288.003 485.905 304.37 535.163 280.497 543.095 264.13 493.837 SMV 0.493652
312.023 281.27 329.036 325.184 306.977 333.73 289.964 289.816 MCV 0.484863
159.963 290.016 169.421 319.636 60.2871 354.484 50.829 324.864 LMV 0.466309
139.784 592.776 157.338 637.182 134.466 646.224 116.912 601.818 MCV 0.463867
138.948 595.583 156.704 638.052 134.302 647.417 116.546 604.948 LMV 0.443359
24.3726 293.693 54.4859 384.321 27.4399 393.307 -2.67342 302.679 LMV 0.437012
73.1722 558.013 88.9296 608.551 65.0778 615.987 49.3204 565.449 SMV 0.421875
332.306 271.685 351.897 315.163 332.694 323.815 313.103 280.337 MCV 0.419678
232.719 303.561 246.357 350.852 221.781 357.939 208.143 310.648 SMV 0.375
156.59 272.363 163.824 297.45 57.4104 328.137 50.1759 303.05 LMV 0.318604
119.247 144.509 131.791 172.789 89.6276 191.491 77.0838 163.211 SMV 0.288086
174.106 519.93 194.797 566.579 171.144 577.07 150.453 530.421 LMV 0.266357
