50.6053 457.624 91.5511 464.758 88.3947 482.876 47.4489 475.742 CV 0.956055
47.4482 503.123 88.2564 508.217 85.8018 527.877 44.9936 522.782 CV 0.955078
46.0485 479.512 89.6027 486.586 86.4515 505.988 42.8973 498.914 CV 0.94043
35.0016 544.961 76.1701 551.519 73.0609 571.039 31.8924 564.481 CV 0.927734
241.581 21.9722 280.403 35.1568 274.419 52.7778 235.597 39.5932 CV 0.923828
418.686 66.8602 456.104 71.8545 453.814 89.0148 416.396 84.0205 CV 0.921875
74.4098 305.068 116.942 312.917 113.34 332.432 70.8084 324.583 CV 0.919922
495.859 435.986 515.18 438.248 510.641 477.014 491.32 474.752 CV 0.914062
226 462.459 272.314 471.333 268.25 492.541 221.936 483.667 CV 0.908203
238.496 392.454 276.84 398.47 274.004 416.546 235.66 410.53 CV 0.908203
117.203 470.603 156.765 474.13 155.047 493.397 115.485 489.87 CV 0.908203
587.364 535.925 606.845 538.297 601.636 581.075 582.155 578.703 CV 0.907227
497.488 585.417 517.611 587.212 514.012 627.583 493.889 625.788 CV 0.885742
102.102 512.273 146.73 516.978 144.648 536.727 100.02 532.022 CV 0.876953
565.687 177.141 585.526 178.772 582.313 217.859 562.474 216.228 CV 0.876953
562.705 20.0723 581.08 19.9596 581.295 54.9902 562.92 55.1029 CV 0.867188
95.3124 262.051 128.791 263.259 128.063 283.449 94.5844 282.241 CV 0.651855
-0.270759 336.094 8.06365 336.254 7.69654 355.406 -0.637866 355.246 CV 0.599609
