624.045 39.6244 636.861 62.2106 566.955 101.876 554.139 79.2894 LMV 0.784668
605.507 14.8833 618.276 36.3032 551.493 76.1167 538.724 54.6968 LMV 0.784668
41.9756 341.451 58.9439 392.518 34.7744 400.549 17.8061 349.482 MCV 0.738281
4.4117 352.584 22.6979 402.363 2.13518 409.916 -16.151 360.137 MCV 0.615234
635.776 67.2728 648.371 91.8769 583.224 125.227 570.629 100.623 LMV 0.568359
71.0272 312.662 111.554 405.993 81.9728 418.838 41.4457 325.507 MCV 0.487305
637.593 67.4007 649.588 90.609 581.407 125.849 569.412 102.641 MCV 0.48584
74.8626 316.5 113.472 411.181 83.2624 423.5 44.6529 328.819 LMV 0.477539
62.5927 410.198 89.6285 452.851 68.4073 466.302 41.3715 423.649 MCV 0.454102
380.88 424.087 397.297 489.044 370.12 495.913 353.703 430.956 LMV 0.452148
30.8795 427.929 50.055 469.295 24.6518 481.071 5.47624 439.705 AFV 0.398926
524.826 222.348 538.472 245.808 490.174 273.902 476.528 250.442 LMV 0.320068
536.866 -9.97477 551.861 12.0075 505.134 43.881 490.139 21.8988 MCV 0.302734
8.18408 436.026 25.4477 479.203 3.51123 487.974 -13.7524 444.797 MCV 0.294434
623.173 422.111 641.616 421.135 643.827 462.889 625.384 463.865 SMV 0.268311
