449.452 35.7798 449.914 58.8221 405.048 59.7202 404.586 36.6779 SMV 0.902344
266.134 38.5333 267.641 61.0297 222.866 64.0292 221.359 41.5328 SMV 0.895508
381.067 65.9814 383.161 87.4577 338.933 91.7686 336.839 70.2923 SMV 0.883789
271.503 190.81 272.195 214.049 225.497 215.44 224.805 192.201 SMV 0.871582
200.785 43.4388 202.384 66.3048 156.715 69.4987 155.116 46.6327 SMV 0.869141
240.451 477.929 241.82 523.878 218.549 524.571 217.18 478.622 SMV 0.858887
450.556 67.0858 450.877 89.771 405.444 90.4142 405.123 67.729 SMV 0.858887
246.719 474.326 272.28 474.052 272.781 520.674 247.22 520.948 SMV 0.84082
448.542 5.31152 449.309 28.7209 404.458 30.1885 403.691 6.77914 SMV 0.838867
265.947 158.502 266.389 181.716 225.303 182.498 224.861 159.284 SMV 0.836914
272.364 129.114 273.054 152.291 227.886 153.636 227.196 130.459 SMV 0.836914
262.229 11.8034 264.036 34.7479 218.271 38.3529 216.464 15.4083 SMV 0.834961
215.015 129.109 215.109 156.671 150.485 156.891 150.391 129.329 LMV 0.803711
188.535 475.815 218.995 486.785 206.965 520.185 176.505 509.215 SMV 0.77832
275.474 473.204 299.689 472.239 301.526 518.296 277.311 519.261 SMV 0.772949
129.275 477.958 155.901 476.691 158.225 525.542 131.599 526.809 SMV 0.761719
446.915 206.033 448.532 238.806 354.085 243.467 352.468 210.694 LMV 0.750977
386.345 524.684 386.592 423.746 415.155 423.816 414.908 524.754 LMV 0.745605
445.766 422.598 447.594 478.474 419.234 479.402 417.406 423.526 LMV 0.736328
155.575 -1.7832 188.7 -1.7324 188.675 14.9238 155.55 14.873 SMV 0.62207
451.919 483.898 477.168 483.666 477.581 528.602 452.332 528.834 SMV 0.511719
217.191 -0.728265 260.837 -3.74596 261.809 10.322 218.163 13.3397 SMV 0.346924
