14.8549 85.9736 40.6658 124.577 20.3639 138.151 -5.44708 99.5478 SMV 0.84375
106.644 32.2728 145.821 101.162 124.606 113.227 85.4287 44.338 LMV 0.842285
436.337 484.172 451.55 508.861 406.163 536.828 390.95 512.139 CV 0.832031
517.697 564.689 528.176 587.008 482.803 608.311 472.324 585.992 CV 0.697266
135.918 13.5336 176.833 87.8243 154.332 100.216 113.417 25.9257 LMV 0.6875
490.231 532.792 507.179 557.98 460.769 589.208 443.821 564.02 CV 0.610352
160.129 -2.64378 191.326 42.8043 172.621 55.6438 141.424 10.1957 LMV 0.520508
62.4277 62.1965 96.9393 114.529 77.9473 127.053 43.4357 74.7212 LMV 0.337646
619.126 301.772 649.582 404.737 620.874 413.228 590.418 310.263 LMV 0.324463
194.615 47.2423 211.103 86.0403 190.885 94.6328 174.397 55.8347 SMV 0.3125
