20.6809 443.636 38.3468 445.362 34.5379 484.364 16.8719 482.638 CV 0.925781
104.608 489.398 124.629 491.277 120.892 531.102 100.871 529.223 CV 0.921875
85.7265 477.736 103.242 479.217 99.8985 518.764 82.3828 517.283 CV 0.918945
107.594 440.237 126.26 441.412 123.531 484.763 104.865 483.588 CV 0.912109
73.6613 261.625 81.8186 278.525 44.8387 296.375 36.6814 279.475 CV 0.912109
63.6286 412.162 83.4791 414.332 78.9964 455.338 59.1459 453.168 CV 0.912109
64.8198 468.967 83.5187 470.548 80.1802 510.033 61.4813 508.452 CV 0.912109
87.6626 428.593 106.178 430.302 102.337 471.907 83.8224 470.198 CV 0.90918
56.3473 296.479 64.2708 311.414 32.0277 328.521 24.1042 313.586 CV 0.902344
1.54674 376.83 18.9062 378.781 14.7033 416.17 -2.65616 414.219 CV 0.902344
20.3805 63.5922 54.013 78.5592 46.682 95.0328 13.0495 80.0658 CV 0.89502
152.881 141.926 183.73 157.303 176.119 172.574 145.27 157.197 CV 0.892578
395.762 102.494 414.65 139.657 397.238 148.506 378.35 111.343 CV 0.870605
366.666 22.186 380.697 30.5975 361.834 62.064 347.803 53.6525 CV 0.870117
42.983 408.131 60.2267 409.269 57.5795 449.369 40.3358 448.231 CV 0.867188
84.4768 310.095 92.0638 326.934 54.3982 343.905 46.8112 327.066 CV 0.865723
237.044 312.148 252.135 318.505 237.456 353.352 222.365 346.995 CV 0.864746
-0.498026 428.205 16.8505 429.164 14.8262 465.795 -2.52238 464.836 CV 0.864258
460.926 -7.598 482.82 32.4311 464.574 42.4105 442.68 2.38138 CV 0.853027
18.7563 269.042 27.2503 281.339 1.74372 298.958 -6.75031 286.661 CV 0.848633
33.1364 233.566 40.4109 250.966 5.20737 265.684 -2.06713 248.284 CV 0.833496
44.0946 458.871 62.2689 461.241 57.6554 496.629 39.4811 494.259 CV 0.67334
21.4147 385.595 34.3654 387.525 30.2103 415.405 17.2596 413.475 CV 0.599609
449.514 610.858 475.421 610.798 475.486 639.142 449.579 639.202 LMV 0.282227
