51.9864 169.373 59.1022 186.534 22.7011 201.627 15.5853 184.466 CV 0.907227
75.8391 216.887 79.43 237.514 32.9109 245.613 29.32 224.986 CV 0.898438
397.796 343.351 424.875 346.1 417.204 421.649 390.125 418.9 LMV 0.882812
42.5414 147.193 49.1789 163.47 14.0211 177.807 7.38356 161.53 CV 0.871582
34.0158 108.773 39.2688 127.26 0.671722 138.227 -4.5813 119.74 CV 0.871582
339.498 537.908 365.709 538.551 364.002 608.092 337.791 607.449 LMV 0.821289
23.7828 79.1101 29.2816 96.8067 -1.15783 106.265 -6.65658 88.5683 CV 0.81543
164.224 569.275 172.904 592.903 110.776 615.725 102.096 592.097 LMV 0.775391
352.436 270.065 361.816 296.149 297.064 319.435 287.684 293.351 LMV 0.768555
177.733 600.056 185.574 625.206 122.267 644.944 114.426 619.794 LMV 0.741699
374.284 528.378 401.638 529.427 398.716 605.622 371.362 604.573 LMV 0.644043
381.819 429.8 408.272 431.385 404.181 499.7 377.728 498.115 LMV 0.526367
351.617 0.32601 377.895 0.708971 377.383 35.8615 351.105 35.4785 LMV 0.47998
468.253 -1.27422 494.552 -0.0228825 493.247 27.3992 466.948 26.1479 LMV 0.366211
346.849 441.382 373.986 443.488 367.651 525.118 340.514 523.012 LMV 0.349609
