485.264 112.123 512.638 113.467 510.236 162.377 482.862 161.033 SMV 0.932617
345.033 314.886 395.824 320.715 392.967 345.614 342.176 339.785 CV 0.931641
104.92 377.526 130.243 380.098 125.33 428.474 100.007 425.902 CV 0.928711
327.087 409.374 349.143 411.786 343.913 459.626 321.857 457.214 CV 0.926758
16.5271 544.638 42.7671 547.302 37.7854 596.362 11.5454 593.698 CV 0.924805
309.96 88.744 336.066 90.9915 332.04 137.756 305.934 135.509 SMV 0.920898
242.847 393.17 266.882 395.426 262.153 445.83 238.118 443.574 CV 0.918945
280.028 81.322 308.24 83.5115 304.472 132.053 276.26 129.864 SMV 0.918945
407.772 424.561 432.331 427.074 427.228 476.939 402.669 474.426 CV 0.915039
382.126 417.628 405.319 420.416 399.374 469.872 376.181 467.084 CV 0.915039
515.171 436.332 540.117 437.404 537.829 490.668 512.883 489.596 CV 0.914062
85.3624 499.155 109.683 502.362 102.763 554.845 78.4419 551.638 CV 0.910156
351.008 408.539 376.738 410.794 371.992 464.961 346.262 462.706 CV 0.905273
183.975 573.901 207.856 576.29 202.775 627.099 178.894 624.71 CV 0.904297
71.409 554.774 98.6284 557.538 92.466 618.226 65.2466 615.462 CV 0.904297
301.048 403.036 324.569 405.08 320.452 452.464 296.931 450.42 CV 0.899414
53.4839 488.326 80.4665 491.904 73.2036 546.674 46.221 543.096 CV 0.898438
267.728 396.466 295.13 399.44 288.772 458.034 261.37 455.06 CV 0.898438
110.62 509.077 133.764 510.196 131.505 556.923 108.361 555.804 CV 0.89502
221.529 519.772 245.916 521.082 243.221 571.228 218.834 569.918 CV 0.89502
215.249 389.667 239.347 391.555 235.251 443.833 211.153 441.945 CV 0.89502
257.374 474.248 317.15 482.271 313.126 512.252 253.35 504.229 CV 0.892578
514.571 115.16 542.218 116.666 539.429 167.84 511.782 166.334 SMV 0.890625
189.028 509.71 217.167 512.219 211.722 573.29 183.583 570.781 CV 0.889648
454.586 107.55 483.755 109.252 480.914 157.95 451.745 156.248 SMV 0.888672
358.189 541.444 382.843 543.795 377.811 596.556 353.157 594.205 CV 0.886719
25.0562 355.789 47.6751 358.755 41.2563 407.711 18.6374 404.745 CV 0.886719
394.746 98.3781 422.209 99.8109 419.754 146.872 392.291 145.439 SMV 0.885742
275.702 533.093 300.245 534.071 298.298 582.907 273.755 581.929 CV 0.885742
349.934 601.435 375.834 602.011 375.066 636.565 349.166 635.989 CV 0.884766
210.105 571.529 239.396 574.458 233.395 634.471 204.104 631.542 CV 0.883789
156.036 562.419 180.883 564.137 177.464 613.581 152.617 611.863 CV 0.882812
23.043 483.303 49.0925 484.823 45.832 540.697 19.7825 539.177 CV 0.880859
412.849 555.29 440.89 557.66 436.151 613.71 408.11 611.34 CV 0.880859
48.7962 551.677 71.2639 553.368 67.5788 602.323 45.1111 600.632 CV 0.880859
364.045 94.7084 391.176 96.4579 387.955 146.417 360.824 144.667 SMV 0.876953
53.3531 365.587 75.5775 369.478 67.2719 416.913 45.0475 413.022 CV 0.875977
542.802 439.439 569.188 439.945 568.198 491.561 541.812 491.055 CV 0.875
126.284 561.959 152.395 563.503 149.466 613.041 123.355 611.497 CV 0.875
157.926 377.479 185.509 379.257 182.074 432.521 154.491 430.743 CV 0.870605
99.737 559.741 127.124 560.77 124.888 620.259 97.5011 619.23 CV 0.870605
443.16 553.715 468.559 554.299 467.34 607.285 441.941 606.701 CV 0.868164
302.625 530.091 332.347 531.368 329.875 588.909 300.153 587.632 CV 0.861328
238.558 581.096 266.859 582.921 263.442 635.904 235.141 634.079 CV 0.849609
382.664 537.444 410.933 539.267 406.336 610.556 378.067 608.733 CV 0.842773
543.534 120.924 569.917 122.362 567.466 167.326 541.083 165.888 SMV 0.839844
-2.95371 357.975 18.2075 359.307 15.2037 407.025 -5.95753 405.693 CV 0.838867
293.862 589.715 321.781 590.721 320.138 636.285 292.219 635.279 CV 0.800781
-1.94333 481.99 22.6315 483.992 18.4746 535.01 -6.10023 533.008 CV 0.780273
-0.810723 537.791 15.4217 539.051 11.4513 590.209 -4.78109 588.949 CV 0.776367
377.743 606.463 405.801 606.979 405.257 636.537 377.199 636.021 CV 0.496094
343.398 0.282118 372.237 0.812873 372.102 8.13976 343.263 7.609 SMV 0.477539
492.337 551.646 521.146 554.527 515.163 614.354 486.354 611.473 CV 0.421875
459.279 613.466 493.51 614.594 492.721 638.534 458.49 637.406 CV 0.391357
