78.0611 153.581 93.2104 168.215 59.6889 202.919 44.5396 188.285 CV 0.917969
255.057 20.943 268.854 36.981 234.693 66.3695 220.896 50.3315 CV 0.916016
101.148 484.899 116.688 502.402 74.2274 540.101 58.6872 522.598 CV 0.892578
409.748 116.76 424.611 132.467 385.752 169.24 370.889 153.533 CV 0.888672
203.076 272.778 228.789 298.329 145.924 381.722 120.211 356.171 CV 0.888672
513.365 72.3263 527.919 86.8737 495.135 119.674 480.581 105.126 CV 0.888672
584.403 177.516 606.678 199.032 468.597 341.984 446.322 320.468 CV 0.871582
110.056 171.706 124.295 189.047 88.0686 218.794 73.8297 201.453 CV 0.869141
631.112 516.634 649.264 531.436 615.888 572.366 597.736 557.564 CV 0.842285
584.801 489.359 600.765 506.646 567.199 537.641 551.235 520.354 CV 0.836914
533.317 188.825 548.232 204.634 512.683 238.175 497.768 222.366 CV 0.836914
556.093 203.845 579.676 225.751 460.407 354.155 436.824 332.249 CV 0.793945
599.295 164.726 620.783 185.301 493.705 318.024 472.217 297.449 CV 0.66748
654.258 224.27 672.322 243.359 556.742 352.73 538.678 333.641 CV 0.617188
-0.569679 178.845 22.5354 188.228 10.4837 217.905 -12.6213 208.522 CV 0.608887
594.314 170.97 615.715 190.539 554.686 257.28 533.285 237.711 CV 0.400146
596.071 174.607 613.408 191.518 577.929 227.893 560.592 210.982 CV 0.321289
437.529 630.488 459.432 631.396 458.971 642.512 437.068 641.604 CV 0.284424
