432.655 39.6085 437.591 68.978 379.345 78.7664 374.409 49.397 SMV 0.94043
193.47 295.724 198.555 324.766 138.53 335.276 133.445 306.234 SMV 0.93457
243.937 467.954 250.25 496.819 192.063 509.546 185.75 480.681 SMV 0.93457
217.065 379.888 224.166 408.939 166.185 423.112 159.084 394.061 SMV 0.933594
519.304 401.618 525.221 430.135 466.196 442.382 460.279 413.865 SMV 0.927734
207.536 337.336 214.727 364.445 155.464 380.164 148.273 353.055 SMV 0.925781
485.463 237.402 490.397 268.039 431.037 277.598 426.103 246.961 SMV 0.921875
473.125 188.252 478.674 218.72 420.875 229.248 415.326 198.78 SMV 0.921875
184.451 251.591 190.768 282.037 133.549 293.909 127.232 263.463 SMV 0.911133
443.188 83.0184 448.558 111.549 387.812 122.982 382.442 94.4512 SMV 0.911133
502.84 313.686 508.98 344.487 452.16 355.814 446.02 325.013 SMV 0.911133
455.434 125.486 460.855 154.293 402.566 165.264 397.145 136.457 SMV 0.90625
512.014 354.724 516.804 384.466 458.986 393.776 454.196 364.034 SMV 0.902344
528.85 441.772 535.021 471.513 476.15 483.728 469.979 453.987 SMV 0.902344
494.633 276.959 499.487 307.102 440.867 316.541 436.013 286.398 SMV 0.897461
255.237 508.937 262.007 537.602 205.013 551.063 198.243 522.398 SMV 0.895508
173.751 205.601 180.767 235.701 121.999 249.399 114.983 219.299 SMV 0.890625
