623.595 244.539 637.703 259.713 601.405 293.461 587.297 278.287 CV 0.94043
481.217 511 496.059 526.577 456.783 564 441.941 548.423 CV 0.929688
198.449 51.9445 212.827 67.0352 178.301 99.9305 163.923 84.8398 CV 0.929688
231.543 264.146 245.972 278.752 211.957 312.354 197.528 297.748 CV 0.923828
333.664 365.75 348.74 381.145 310.336 418.75 295.26 403.355 CV 0.921875
519.027 548.516 535.286 565.266 497.973 601.484 481.714 584.734 CV 0.918945
152.161 183.73 168.636 198.286 133.089 238.52 116.614 223.964 CV 0.917969
498.701 532.969 512.725 547.964 476.299 582.031 462.275 567.036 CV 0.916992
528.22 148.777 542.369 165.787 505.78 196.223 491.631 179.213 CV 0.916016
49.8159 88.2707 66.2418 101.826 33.6216 141.354 17.1957 127.799 CV 0.914062
367.985 405.129 384.613 418.26 354.515 456.371 337.887 443.24 CV 0.914062
292.991 328.963 307.847 343.539 273.509 378.537 258.653 363.961 CV 0.912109
400.883 19.7312 415.455 36.5036 380.117 67.2063 365.545 50.4339 CV 0.910156
548.677 165.507 563.599 180.985 528.323 214.993 513.401 199.515 CV 0.90918
390.101 427.271 405.219 442.755 369.399 477.729 354.281 462.245 CV 0.904297
160.446 17.8612 176.361 32.7315 143.804 67.5763 127.889 52.706 CV 0.902344
170.153 204.895 185.927 218.97 152.347 256.605 136.573 242.53 CV 0.900391
351.302 389.295 366.729 404.76 331.198 440.205 315.771 424.74 CV 0.899414
193.822 224.798 208.306 241.42 168.678 275.952 154.194 259.33 CV 0.899414
274.105 308.436 288.002 325.411 246.895 359.064 232.998 342.089 CV 0.898438
313.167 348.324 328.218 363.83 292.833 398.176 277.782 382.67 CV 0.898438
569.04 415.267 584.478 430.698 547.96 467.233 532.522 451.802 CV 0.898438
242.864 99.0005 257.476 115.986 221.136 147.249 206.524 130.264 CV 0.890625
485.128 104.636 500.854 119.975 464.872 156.864 449.146 141.525 CV 0.888672
422.07 38.5992 436.794 54.1589 401.93 87.1508 387.206 71.5911 CV 0.888672
415.152 445.516 431.279 462.929 392.348 498.984 376.221 481.571 CV 0.885742
252.077 284.068 268.032 300.57 230.423 336.932 214.468 320.43 CV 0.885742
584.2 608.182 599.205 627.963 563.8 654.818 548.795 635.037 CV 0.870605
614.757 450.101 631.855 468.49 586.243 510.899 569.145 492.51 CV 0.859863
354.658 129.874 389.381 164.58 373.342 180.626 338.619 145.92 CV 0.845703
293.823 68.7445 333.156 101.011 317.677 119.881 278.344 87.6141 CV 0.845215
638.673 265.728 655.923 281.595 626.327 313.772 609.077 297.905 CV 0.825684
6.87181 40.7623 25.0542 54.9496 4.54225 81.2377 -13.6402 67.0504 CV 0.810059
112.525 -15.7668 126.776 3.19363 95.1001 27.0011 80.8493 8.04074 CV 0.787109
633.536 512.021 653.411 523.596 637.464 550.979 617.589 539.404 CV 0.770996
224.862 3.15375 273.928 44.8269 257.138 64.5963 208.072 22.9231 CV 0.720703
595.365 373.519 639.091 406.05 624.635 425.481 580.909 392.95 CV 0.322021
24.2146 65.3554 43.9826 81.8808 11.473 120.77 -8.29515 104.244 CV 0.281738
