52.2789 340.279 60.5967 364.83 6.31482 383.221 -2.00293 358.67 LMV 0.821289
379.197 -3.02973 405.113 -1.97567 402.303 67.0922 376.387 66.0382 LMV 0.804688
371.087 67.6602 400.037 69.3496 395.413 148.59 366.463 146.9 LMV 0.770996
264.613 202.337 270.129 223.133 222.887 235.663 217.371 214.867 SMV 0.71875
281.774 250.183 290.48 273.601 230.726 295.817 222.02 272.399 LMV 0.701172
242.769 143.595 250.231 168.73 186.481 187.655 179.019 162.52 LMV 0.695312
41.0039 307.741 49.6858 331.884 1.37112 349.259 -7.31081 325.116 LMV 0.65625
188.896 -13.9115 195.616 11.0273 129.354 28.8802 122.634 3.94142 LMV 0.63623
225.27 101.216 232.871 124.704 171.98 144.409 164.379 120.921 LMV 0.616211
214.69 73.1856 222.919 97.5524 161.81 118.189 153.581 93.8226 LMV 0.577148
27.1702 275.356 37.4477 297.871 1.79853 314.144 -8.47892 291.629 LMV 0.539062
-2.7569 245.442 21.344 247.293 19.2882 274.058 -4.81273 272.207 LMV 0.472656
203.271 41.1897 211.103 63.9419 152.479 84.1228 144.647 61.3706 LMV 0.4375
128.516 602.271 159.919 619.746 143.234 649.729 111.831 632.254 LMV 0.432861
571.684 513.511 599.165 516.004 593.316 580.489 565.835 577.996 LMV 0.394043
205.619 37.3886 214.463 63.4936 152.131 84.6114 143.287 58.5064 MCV 0.369141
251.677 169.999 257.745 189.94 209.073 204.751 203.005 184.81 SMV 0.366943
-2.04398 211.168 12.5966 211.191 12.5596 235.332 -2.081 235.309 LMV 0.313721
487.298 409.45 547.56 416.082 544.702 442.05 484.44 435.418 LMV 0.264648
532.873 496.699 561.027 499.69 550.127 602.3 521.973 599.31 LMV 0.263184
