434.445 211.641 435.762 231.002 390.055 234.109 388.738 214.748 CV 0.923828
96.6436 291.973 134.327 298.155 131.231 317.027 93.5476 310.845 CV 0.919922
428.938 234.824 431.284 252.718 391.562 257.926 389.216 240.032 CV 0.904297
121.435 47.9281 134.729 57.3818 112.815 88.1969 99.5212 78.7432 CV 0.902344
108.95 268.12 144.809 273.214 142.3 290.88 106.441 285.786 CV 0.898438
171.363 173.484 207.819 177.866 205.637 196.016 169.181 191.634 CV 0.89502
116.183 480.168 133.355 515.567 116.317 523.832 99.1448 488.433 CV 0.886719
511.74 322.846 533.917 362.289 517.26 371.654 495.083 332.211 CV 0.87793
423.998 167.97 426.434 185.868 388.502 191.03 386.066 173.132 CV 0.864258
72.5237 364.015 110.488 369.616 107.851 387.485 69.8873 381.884 CV 0.864258
432.741 190.641 434.66 208.852 394.259 213.109 392.34 194.898 CV 0.861328
587.34 550.62 595.201 563.924 565.66 581.38 557.799 568.076 CV 0.299072
3.43196 523.953 22.8559 551.324 4.92741 564.047 -14.4966 536.676 CV 0.253662
