32.4481 140.723 52.2254 139.843 53.8019 175.277 34.0246 176.157 SMV 0.793945
122.493 132.645 143.156 132.058 144.257 170.855 123.594 171.442 SMV 0.749023
99.662 132.026 120.296 131.488 121.338 171.474 100.704 172.012 SMV 0.725098
293.759 289.679 320.876 290.803 318.741 342.321 291.624 341.197 MCV 0.722168
263.162 282.994 290.469 283.517 289.338 342.506 262.031 341.983 MCV 0.706543
73.6011 135.494 94.7442 134.748 96.0239 171.006 74.8808 171.752 SMV 0.700684
150.014 441.794 205.513 445.032 203.986 471.206 148.487 467.968 MCV 0.699219
149.306 131.846 170.128 131.351 170.944 165.654 150.122 166.149 SMV 0.540039
53.9868 141.673 71.8314 140.947 73.1382 173.077 55.2936 173.803 SMV 0.517578
126.12 456.078 134.093 480.152 71.3801 500.922 63.4073 476.848 MCV 0.262695
