444.248 257.049 462.041 260.248 456.252 292.451 438.459 289.252 SMV 0.905273
484.311 263.38 503.442 265.516 499.689 299.12 480.558 296.984 SMV 0.880859
463.01 260.728 480.323 262.674 476.49 296.772 459.177 294.826 SMV 0.871582
509.383 264.6 528.943 265.982 526.617 298.9 507.056 297.518 SMV 0.866211
573.505 490.033 593.222 493.829 585.495 533.967 565.778 530.171 SMV 0.864746
551.023 483.634 571.105 487.754 562.977 527.366 542.895 523.246 SMV 0.845703
423.215 244.001 440.707 247.284 434.285 281.499 416.793 278.216 SMV 0.793945
598.718 283.439 616.937 288.001 607.282 326.561 589.063 321.999 SMV 0.770996
403.232 240.25 420.742 243.997 414.268 274.25 396.758 270.503 SMV 0.52832
618.323 290.229 638.218 294.329 629.677 335.771 609.782 331.671 SMV 0.51709
617.868 290.621 637.6 294.247 630.132 334.879 610.4 331.253 LMV 0.453125
598.285 284.24 616.663 288.543 607.715 326.76 589.337 322.457 LMV 0.397949
