193.263 120.623 202.675 137.951 165.987 157.877 156.575 140.549 SMV 0.914062
95.2626 87.2064 106.858 104.659 75.9874 125.169 64.3923 107.716 SMV 0.90625
180.074 538.842 188.156 576.676 167.176 581.158 159.094 543.324 SMV 0.900391
80.705 605.927 93.6695 623.176 60.545 648.073 47.5805 630.824 SMV 0.893555
275.281 152.475 284.189 170.347 247.719 188.525 238.811 170.653 SMV 0.882812
51.111 595.46 62.7493 610.557 31.639 634.54 20.0007 619.443 SMV 0.879883
18.7028 57.6566 31.5795 75.3401 3.76598 95.5934 -9.11078 77.9099 SMV 0.849609
239.23 554.948 248.248 598.844 227.77 603.052 218.752 559.156 SMV 0.825684
235.852 137.82 245.028 155.238 207.648 174.93 198.472 157.512 SMV 0.811523
210.865 550.164 218.802 588.795 199.135 592.836 191.198 554.205 SMV 0.808594
388.696 574.544 406.325 637.757 382.304 644.456 364.675 581.243 LMV 0.793945
114.203 515.026 125.46 553.084 105.547 558.974 94.29 520.916 SMV 0.791992
151.134 528.535 159.721 567.794 138.366 572.465 129.779 533.206 SMV 0.786133
301.183 581.852 311.493 621.664 290.317 627.148 280.007 587.336 SMV 0.731934
289.542 542.25 299.146 580.564 278.458 585.75 268.854 547.436 SMV 0.730469
88.811 -6.97651 101.636 21.4864 82.689 30.0234 69.8642 1.5605 SMV 0.720703
131.101 -6.67228 144.301 30.9545 122.524 38.5942 109.324 0.967338 SMV 0.716797
260.951 533.056 271.258 573.836 251.049 578.944 240.742 538.164 SMV 0.712891
271.92 577.433 280.48 609.206 260.58 614.567 252.02 582.794 SMV 0.685059
83.7872 503.092 93.2555 544.075 72.3378 548.908 62.8695 507.925 SMV 0.671387
320.462 552.011 329.995 591.855 308.538 596.989 299.005 557.145 SMV 0.667969
42.4504 -0.978222 60.6535 -1.00614 60.6746 12.697 42.4715 12.7249 SMV 0.641113
358.112 562.063 376.989 639.29 353.888 644.937 335.011 567.71 LMV 0.623535
332.388 592.1 342.964 631.971 320.612 637.9 310.036 598.029 SMV 0.619141
62.3053 202.502 79.1297 223.259 42.1322 253.248 25.3078 232.491 SMV 0.618164
226.118 29.1883 238.171 70.9851 216.882 77.1242 204.829 35.3274 SMV 0.608887
173.345 243.373 188.968 265.757 114.655 317.626 99.0317 295.243 LMV 0.478516
305.824 57.1435 314.921 100.991 292.676 105.606 283.579 61.7591 SMV 0.467773
111.159 615.348 132.005 627.707 117.216 652.652 96.3698 640.293 SMV 0.464355
31.2927 191.193 50.163 212.447 6.11353 251.557 -12.7568 230.303 LMV 0.409912
263.491 45.0106 275.603 83.1985 253.009 90.3644 240.897 52.1765 SMV 0.311035
174.119 284.439 186.323 305.232 149.131 327.061 136.927 306.268 LMV 0.273193
554.104 116.888 566.008 171.064 541.896 176.362 529.992 122.186 SMV 0.257324
