87.4228 301.44 107.204 301.561 106.952 342.56 87.1713 342.439 CV 0.914062
3.50196 407.972 25.3414 407.537 26.248 453.028 4.40863 453.463 CV 0.883789
227.022 585.333 248.021 585.107 248.478 627.667 227.479 627.893 CV 0.87793
75.4482 588.033 96.9168 587.967 97.0518 631.967 75.5832 632.033 CV 0.871582
43.2238 296.094 64.3957 296.062 64.4637 340.406 43.2918 340.438 CV 0.867188
66.2253 299.254 85.7502 298.759 86.7747 339.246 67.2498 339.741 CV 0.859863
294.278 582.955 316.653 582.92 316.722 628.045 294.347 628.08 CV 0.851562
200.793 397.06 222.455 397.708 221.207 439.44 199.545 438.792 CV 0.790527
583.599 254.582 592.632 280.656 489.401 316.418 480.368 290.344 LMV 0.501953
570.135 226.833 579.065 255.572 491.865 282.667 482.935 253.928 LMV 0.416748
