89.4935 25.9084 113.084 27.6669 109.382 77.3416 85.7907 75.5831 CV 0.917969
37.6225 12.3864 60.4202 13.2084 58.6275 62.9261 35.8298 62.1041 CV 0.908203
454.662 314.867 457.71 332.892 417.838 339.633 414.79 321.608 CV 0.901367
576.751 370.038 581.07 387.706 545.249 396.462 540.93 378.794 CV 0.897461
626.791 561.713 630.888 577.6 597.209 586.287 593.112 570.4 CV 0.897461
116.35 25.0551 141.571 26.2745 138.275 94.4449 113.054 93.2255 CV 0.89502
623.408 516.973 627.018 534.543 590.592 542.027 586.982 524.457 CV 0.892578
498.131 485.596 502.025 503.826 461.869 512.404 457.975 494.174 CV 0.886719
560.186 282.277 564.712 300.634 525.814 310.223 521.288 291.866 CV 0.883789
617.3 495.455 620.888 512.743 585.7 520.045 582.112 502.757 CV 0.861328
572.678 349.849 577.042 367.118 539.322 376.651 534.958 359.382 CV 0.861328
640.34 600.665 644.488 617.489 612.66 625.335 608.512 608.511 CV 0.851562
603.624 454.58 607.094 471.302 570.376 478.92 566.906 462.198 CV 0.835938
540.626 627.443 543.179 639.871 520.374 644.557 517.821 632.129 CV 0.559082
641.135 628.493 642.967 641.765 615.865 645.507 614.033 632.235 CV 0.552246
597.656 431.142 602.339 451.965 558.344 461.858 553.661 441.035 CV 0.282227
