205.674 102.901 222.563 111.909 200.326 153.599 183.437 144.591 CV 0.915039
218.89 132.28 234.754 142.217 212.36 177.97 196.496 168.033 CV 0.896484
26.4062 514.193 54.7405 536.146 44.1563 549.807 15.822 527.854 CV 0.895508
251.221 175.555 267.986 186.056 241.279 228.695 224.514 218.194 CV 0.886719
231.293 162.984 245.226 173.182 223.207 203.266 209.274 193.068 CV 0.874023
190.096 90.4751 204.085 99.3132 183.654 131.65 169.665 122.812 CV 0.865723
334.954 346.536 369.737 365.648 361.046 381.464 326.263 362.352 CV 0.861328
283.585 372.376 317.996 392.891 308.915 408.124 274.504 387.609 CV 0.860352
75.1134 483.359 114.497 515.86 101.887 531.141 62.5029 498.64 CV 0.856445
52.2113 498.235 89.1975 527.739 76.4137 543.765 39.4275 514.261 CV 0.854492
178.515 57.8808 194.191 66.5345 171.235 108.119 155.559 99.4655 CV 0.853027
165.547 35.6453 180.461 45.2115 159.203 78.3547 144.289 68.7885 CV 0.850586
419.186 340.231 454.493 359.029 445.314 376.269 410.007 357.471 CV 0.530273
-0.754562 559.466 15.8634 564.952 10.0592 582.534 -6.5587 577.048 CV 0.505859
