339.041 443.865 345.898 486.441 322.959 490.135 316.102 447.559 SMV 0.912109
609.198 294.65 613.845 315.129 568.802 325.35 564.155 304.871 SMV 0.907227
393.034 597.085 400.85 636.696 379.466 640.915 371.65 601.304 SMV 0.901367
346.457 484.31 351.275 527.605 328.043 530.19 323.225 486.895 SMV 0.896484
599.762 598.526 608.206 637.497 585.238 642.474 576.794 603.503 SMV 0.896484
359.472 569.26 367.076 607.798 342.028 612.74 334.424 574.202 SMV 0.889648
302.067 419.582 311.85 461.005 288.933 466.418 279.15 424.995 SMV 0.878906
314.831 355.739 324.623 398.892 303.169 403.761 293.377 360.608 SMV 0.87793
266.183 294.569 276.75 333.634 255.317 339.431 244.75 300.366 SMV 0.874023
279.628 336.022 295.028 376.471 271.372 385.478 255.972 345.029 SMV 0.874023
374.637 394.242 380.806 434.553 359.863 437.758 353.694 397.447 SMV 0.871582
352.129 528.354 358.717 567.554 334.371 571.646 327.783 532.446 SMV 0.869141
615.259 321.601 619.75 344.126 575.741 352.899 571.25 330.374 SMV 0.865723
336.509 575.454 343.942 621.609 319.491 625.546 312.058 579.391 SMV 0.861328
626.805 376.813 629.001 398.687 584.195 403.187 581.999 381.313 SMV 0.851562
353.586 400.755 358.498 442.656 336.414 445.245 331.502 403.344 SMV 0.848633
589.604 554.607 596.297 595.659 573.396 599.393 566.703 558.341 SMV 0.845215
329.592 318.697 341.57 359.93 317.908 366.803 305.93 325.57 SMV 0.833496
639.399 508.954 644.552 530.036 603.601 540.046 598.448 518.964 SMV 0.832031
326.522 399.801 335.131 441.292 311.478 446.199 302.869 404.708 SMV 0.830078
371.121 483.519 377.331 525.753 355.379 528.981 349.169 486.747 SMV 0.826172
635.254 483.924 639.646 505.736 595.746 514.576 591.354 492.764 SMV 0.821289
455.715 596.212 462.554 638.158 440.285 641.788 433.446 599.842 SMV 0.818359
630.866 456.137 635.143 477.59 591.134 486.363 586.857 464.91 SMV 0.81543
630.112 404.427 631.516 426.695 585.888 429.573 584.484 407.305 SMV 0.813477
367.485 604.456 376.991 639.6 355.015 645.544 345.509 610.4 SMV 0.796875
401.508 510.616 414.064 554.154 388.992 561.384 376.436 517.846 SMV 0.789062
623.529 348.938 626.904 370.709 579.471 378.062 576.096 356.291 SMV 0.77832
360.826 441.087 368.126 479.875 346.674 483.913 339.374 445.125 SMV 0.760742
219.491 155.532 223.459 174.943 181.759 183.468 177.791 164.057 CV 0.759277
341.315 361.458 349.241 402.257 327.185 406.542 319.259 365.743 SMV 0.759277
255.082 252.733 266.11 293.195 245.668 298.767 234.64 258.305 SMV 0.751953
416.502 392.976 422.811 433.677 397.998 437.524 391.689 396.823 SMV 0.703125
414.845 553.468 424.586 594.355 398.655 600.532 388.914 559.645 SMV 0.701172
611.763 583.753 640.464 584.061 640.237 605.247 611.536 604.939 SMV 0.697266
609.426 556.784 638.076 556.19 638.574 580.216 609.924 580.81 SMV 0.695312
632.032 428.698 633.791 450.22 589.968 453.802 588.209 432.28 SMV 0.685547
291.188 376.952 305.034 416.174 281.312 424.548 267.466 385.326 SMV 0.677246
302.285 310.827 313.074 353.516 288.715 359.673 277.926 316.984 SMV 0.640625
310.119 455.729 322.386 495.898 299.881 502.771 287.614 462.602 SMV 0.626953
384.693 432.474 392.864 479.139 367.807 483.526 359.636 436.861 SMV 0.601562
614.549 609.857 639.041 610.495 638.451 633.143 613.959 632.505 SMV 0.579102
343.161 608.964 354.831 637.987 329.839 648.036 318.169 619.013 SMV 0.532227
619.528 630.073 639.403 629.935 639.472 639.927 619.597 640.065 SMV 0.517578
630.582 401.602 632.947 425.862 586.418 430.398 584.053 406.138 LMV 0.439453
326.393 534.974 336.672 574.664 312.107 581.026 301.828 541.336 SMV 0.428711
389.464 462.416 403.123 515.371 379.036 521.584 365.377 468.629 SMV 0.421387
625.022 347.331 628.364 370.055 579.978 377.169 576.636 354.445 LMV 0.399414
384.642 556.877 394.187 598.195 372.858 603.123 363.313 561.805 SMV 0.380859
630.111 343.456 643.8 344.065 642.889 364.544 629.2 363.935 SMV 0.358154
598.434 240.279 603.735 262.435 556.566 273.721 551.265 251.565 SMV 0.332764
598.648 240.317 604.108 263.431 554.352 275.183 548.892 252.069 LMV 0.324463
276.667 234.702 287.933 278.204 266.333 283.798 255.067 240.296 SMV 0.305176
289.147 279.713 307.624 334.428 284.353 342.287 265.876 287.572 SMV 0.301758
622.982 315.04 643.107 315.117 643.018 338.46 622.893 338.383 SMV 0.297852
