154.497 475.714 172.733 481.783 159.253 522.286 141.017 516.217 CV 0.896484
246.252 558.763 298.361 570.46 293.248 593.237 241.139 581.54 CV 0.895508
110.641 460.006 127.989 464.922 117.484 501.994 100.136 497.078 CV 0.884766
76.4293 430.332 97.5589 433.118 90.6957 485.168 69.5661 482.382 CV 0.878906
131.953 464.223 151.464 470.254 137.547 515.277 118.036 509.246 CV 0.87207
63.3427 490.766 84.2765 495.312 72.7823 548.234 51.8485 543.688 CV 0.871582
180.641 547.861 228.612 556.182 224.109 582.139 176.138 573.818 CV 0.831543
42.0521 432.104 64.5179 432.465 63.6979 483.396 41.2321 483.035 CV 0.827637
229.865 586.52 273.512 595.028 269.135 617.48 225.488 608.972 SMV 0.770996
318.71 286.752 364.674 295.456 359.79 321.248 313.826 312.544 SMV 0.714355
160.594 573.375 200.966 581.531 196.906 601.625 156.534 593.469 CV 0.652344
230.498 586.232 273.769 595.491 269.002 617.768 225.731 608.509 CV 0.594727
163.746 40.3079 185.315 57.6687 137.504 117.067 115.935 99.7063 MCV 0.587891
57.0321 80.4362 71.2364 93.8645 38.9054 128.064 24.7011 114.635 MCV 0.543945
179.763 516.709 206.052 519.788 204.237 535.291 177.948 532.212 CV 0.419678
270.468 319.578 320.569 348.362 307.032 371.922 256.931 343.138 MCV 0.402832
272.53 322.283 320.543 350.369 307.47 372.717 259.457 344.631 LMV 0.337646
499.105 105.924 507.097 134.58 435.395 154.576 427.403 125.92 MCV 0.279297
272.034 321.141 319.949 350.666 305.966 373.359 258.051 343.834 SMV 0.266602
