173.977 498.518 216.764 499.995 216.023 521.482 173.236 520.005 SMV 0.951172
175.984 524.453 216.388 526.096 215.516 547.547 175.112 545.904 SMV 0.947266
174.505 550.568 215.461 552.454 214.495 573.432 173.539 571.546 SMV 0.914062
175.394 607.335 214.799 607.697 214.606 628.665 175.201 628.303 SMV 0.876953
175.644 472.69 218.366 474.23 217.606 495.31 174.884 493.77 SMV 0.858398
68.1854 512.862 91.3701 513.218 91.0646 533.138 67.8799 532.782 SMV 0.679688
68.1657 536.12 91.2438 536.97 90.5843 554.88 67.5062 554.03 SMV 0.663574
66.8812 557.187 90.6865 557.771 90.2438 575.813 66.4385 575.229 SMV 0.632324
66.2411 578.129 91.8922 578.64 91.5089 597.871 65.8578 597.36 SMV 0.62207
67.592 467.633 92.3081 467.994 92.033 486.867 67.3169 486.506 SMV 0.577148
68.7825 446.174 93.7314 447.169 92.9675 466.326 68.0186 465.331 SMV 0.574219
65.9188 602.839 93.0125 602.755 93.0812 625.161 65.9875 625.245 SMV 0.563477
68.6197 490.296 91.6347 490.455 91.5053 509.204 68.4903 509.045 SMV 0.54834
234.419 632.09 254.872 632.184 254.831 640.91 234.378 640.816 SMV 0.540527
65.7602 630.684 88.831 630.101 89.1148 641.316 66.044 641.899 SMV 0.26709
