78.5538 312.809 143.628 331.885 133.571 366.191 68.4971 347.115 SMV 0.942383
186.387 218.652 188.345 278.495 154.613 279.598 152.655 219.755 SMV 0.921875
72.6773 215.379 107.269 215.75 106.573 280.621 71.9809 280.25 SMV 0.920898
187.043 566.059 222.251 569.497 215.957 633.941 180.749 630.503 SMV 0.898438
73.6968 538.148 105.677 544.277 93.3032 608.852 61.3226 602.723 SMV 0.888672
83.1042 467.6 116.149 474.461 102.771 538.9 69.7255 532.039 SMV 0.874023
113.123 219.381 155.552 224.35 148.377 285.619 105.948 280.65 SMV 0.857422
145.694 554.898 180.992 561.301 169.056 627.102 133.758 620.699 SMV 0.854004
233.564 297.069 275.286 295.533 277.436 353.931 235.714 355.467 SMV 0.849609
108.486 545.352 142.345 552.598 128.639 616.648 94.7801 609.402 SMV 0.849609
0.193982 517.239 32.3519 523.915 18.681 589.761 -13.4769 583.085 SMV 0.833496
266.883 212.997 272.003 276.416 236.867 279.253 231.747 215.834 SMV 0.832031
29.5571 214.43 67.3348 214.951 66.4429 279.57 28.6652 279.049 SMV 0.830078
223.643 215.552 226.48 277.988 194.357 279.448 191.52 217.012 SMV 0.827637
320.297 303.554 325.26 370.746 288.703 373.446 283.74 306.254 SMV 0.826172
35.4912 531.39 69.2 537.798 57.2588 600.61 23.55 594.202 SMV 0.819824
191.224 497.074 229.007 499.22 225.276 564.926 187.493 562.78 SMV 0.79248
7.38923 452.744 40.5466 456.549 33.2358 520.256 0.0783825 516.451 SMV 0.791016
44.0344 462.126 79.4059 468.824 67.2781 532.873 31.9066 526.176 SMV 0.769531
-2.71323 217.997 21.059 218.653 19.2132 285.503 -4.55896 284.847 SMV 0.750977
118.345 475.86 153.685 482.213 141.655 549.14 106.315 542.787 SMV 0.748047
154.316 484.186 189.491 488.741 180.934 554.814 145.759 550.259 SMV 0.650391
-0.60746 445.789 9.26649 445.933 8.91996 469.711 -0.953992 469.567 SMV 0.261719
