124.713 534.036 133.81 576.83 109.662 581.964 100.565 539.17 SMV 0.900391
94.3071 540.011 105.063 583.642 79.3179 589.989 68.5622 546.358 SMV 0.870605
162.226 328.849 172.445 387.211 138.524 393.151 128.305 334.789 AFV 0.848633
270.771 304.64 279.876 363.376 247.729 368.36 238.624 309.624 AFV 0.84375
155.418 527.572 164.922 572.068 139.832 577.428 130.328 532.932 SMV 0.833496
494.112 340.998 495.349 359.457 449.888 362.502 448.651 344.043 MCV 0.79248
209.111 319.469 218.868 377.53 186.139 383.031 176.382 324.97 AFV 0.784668
299.183 585.254 303.783 607.758 259.817 616.746 255.217 594.242 SMV 0.596191
607.164 604.089 612.18 634.855 519.836 649.911 514.82 619.145 LMV 0.536621
558.279 394.757 565.794 422.54 465.221 449.743 457.706 421.96 LMV 0.450684
421.815 20.7103 461.545 21.9596 458.685 112.915 418.955 111.665 LMV 0.342773
10.5216 561.884 18.0703 601.992 -3.84191 606.116 -11.3906 566.008 SMV 0.272705
617.164 10.8972 641.007 11.0252 640.836 42.8216 616.993 42.6936 LMV 0.27002
