602.862 315.041 619.883 326.41 596.138 361.959 579.117 350.59 CV 0.915039
628.957 278.158 644.206 289.388 621.043 320.842 605.794 309.612 CV 0.914062
577.754 238.746 591.905 249.436 568.246 280.754 554.095 270.064 CV 0.904297
561.686 219.461 577.194 229.375 552.314 268.289 536.806 258.375 CV 0.902344
448.219 436.104 461.73 449.728 427.781 483.396 414.27 469.772 CV 0.901367
611.111 263.547 625.839 274.085 600.889 308.953 586.161 298.415 CV 0.880859
499.13 229.323 514.333 240.588 490.37 272.927 475.167 261.662 CV 0.880859
462.748 202.542 475.589 212.243 451.252 244.458 438.411 234.757 CV 0.871582
424.928 164.269 438.775 175.072 414.072 206.731 400.225 195.928 CV 0.867188
634.889 306.31 649.717 313.828 637.111 338.69 622.283 331.172 CV 0.788086
327.873 329.962 340.967 340.407 318.127 369.038 305.033 358.593 CV 0.634277
479.366 453.159 496.6 468.718 462.634 506.341 445.4 490.782 CV 0.290039
286.97 35.7961 303.657 50.3235 272.53 86.0789 255.843 71.5515 SMV 0.258789
