252.245 70.3674 264.535 95.891 175.505 138.758 163.215 113.234 LMV 0.858398
382.587 332.943 394.514 357.652 313.913 396.557 301.986 371.848 LMV 0.839355
222.141 6.87641 232.674 32.2793 142.609 69.6236 132.076 44.2207 LMV 0.836914
195.467 -18.0049 205.21 6.63939 132.033 35.5674 122.29 10.9231 LMV 0.831543
351.128 267.97 363.785 292.875 278.872 336.03 266.215 311.125 LMV 0.828613
294.879 171.391 306.39 197.344 220.121 235.609 208.61 209.656 LMV 0.819824
233.549 35.3812 244.396 59.645 154.701 99.7438 143.854 75.48 LMV 0.817871
257.13 111.413 268.303 134.734 209.12 163.087 197.947 139.766 LMV 0.817383
270.864 145.02 280.574 168.057 222.636 192.48 212.926 169.443 LMV 0.790527
330.526 239.736 342.747 264.928 255.474 307.264 243.253 282.072 LMV 0.766602
433.159 498.637 444.278 521.846 386.841 549.363 375.722 526.154 LMV 0.753418
367.695 301.939 379.489 325.6 295.305 367.561 283.511 343.9 LMV 0.75
393.404 398.153 405.626 424.383 338.096 455.847 325.874 429.617 LMV 0.739746
419.433 467.229 429.328 489.539 373.567 514.271 363.672 491.961 LMV 0.736328
537.183 213.967 552.109 246.246 462.817 287.533 447.891 255.254 MCV 0.591797
525.349 173.516 539.4 203.444 454.651 243.234 440.6 213.306 MCV 0.584961
480.123 138.113 494.395 166.194 411.377 208.387 397.105 180.306 MCV 0.552734
430.552 416.069 441.647 441.896 351.948 480.431 340.853 454.604 LMV 0.474609
476.106 83.7905 490.796 111.479 403.894 157.584 389.204 129.896 MCV 0.415771
376.665 373.857 388.389 394.242 346.835 418.143 335.111 397.758 LMV 0.366211
