412.17 436.775 441.863 489.344 420.83 501.225 391.137 448.656 LMV 0.822266
384.87 449.537 419.726 502.391 397.63 516.963 362.774 464.109 LMV 0.806641
65.2492 325.227 97.81 324.902 98.6258 406.773 66.065 407.098 LMV 0.803223
305.534 149.202 336.721 149.298 336.466 232.298 305.279 232.202 LMV 0.800781
433.778 426.223 465.603 480.811 444.222 493.277 412.397 438.689 LMV 0.790527
536.035 -5.30963 540.046 75.9665 503.965 77.7471 499.954 -3.52896 LMV 0.772949
506.744 378.583 542.704 425.515 523.256 440.417 487.296 393.485 LMV 0.769531
30.7023 330.224 62.8494 330.988 60.7977 417.276 28.6506 416.512 LMV 0.753418
142.583 306.638 146.514 397.053 116.417 398.362 112.486 307.947 LMV 0.748047
169.599 220.991 174.477 306.289 144.401 308.009 139.523 222.711 LMV 0.685547
307.941 572.879 359.966 638.031 336.059 657.121 284.034 591.969 LMV 0.681152
467.492 398.8 500.2 450.401 480.008 463.2 447.3 411.599 LMV 0.681152
398.685 -3.34033 405.749 159.131 369.315 160.715 362.251 -1.75616 LMV 0.65625
369.113 -2.69888 372.38 160.518 338.387 161.199 335.12 -2.01842 LMV 0.632324
554.612 337.788 593.189 386.245 574.388 401.212 535.811 352.755 LMV 0.630371
490.918 -0.571465 500.88 72.6289 475.582 76.0715 465.62 2.87111 MCV 0.612793
272.384 241.837 272.601 153.087 303.616 153.163 303.399 241.913 LMV 0.600586
487.117 387.82 521.549 439.154 501.383 452.68 466.951 401.346 LMV 0.589844
277.829 612.63 310.636 622.466 301.671 652.37 268.864 642.534 LMV 0.583984
231.812 191.787 243.924 284.877 214.438 288.713 202.326 195.623 LMV 0.570801
206.549 200.247 209.531 300.327 178.451 301.253 175.469 201.173 LMV 0.556641
171.721 117.219 190.466 288.697 148.529 293.281 129.784 121.803 LMV 0.516602
438.529 29.1457 453.984 192.667 414.971 196.354 399.516 32.833 LMV 0.50293
266.173 163.044 270.884 260.43 239.327 261.956 234.616 164.57 LMV 0.494141
133.32 136.865 145.522 287.999 106.68 291.135 94.4778 140.001 LMV 0.480469
307.196 44.7095 312.011 142.278 276.304 144.04 271.489 46.4717 LMV 0.460938
612.361 -3.07355 640.211 -1.29825 638.639 23.3704 610.789 21.5951 LMV 0.410645
229.296 228.715 231.332 61.9776 276.954 62.5348 274.918 229.272 LMV 0.395508
533.274 348.952 572.514 394.835 554.726 410.048 515.486 364.165 LMV 0.348633
451.448 -1.69699 460.997 85.6576 436.052 88.3845 426.503 1.02987 MCV 0.346436
-3.61216 232.335 34.7457 233.482 30.2528 383.665 -8.10505 382.518 LMV 0.340088
21.4717 220.605 68.1245 220.033 70.1533 385.395 23.5005 385.967 LMV 0.267334
186.535 124.79 236.953 282.686 191.465 297.21 141.047 139.314 LMV 0.263184
