397.401 80.5295 420.786 83.413 414.599 133.595 391.214 130.712 CV 0.9375
228.699 113.51 253.993 116.984 246.301 172.99 221.007 169.516 CV 0.93457
201.117 105.054 225.162 107.198 220.883 155.196 196.838 153.052 CV 0.932617
193.532 219.571 215.856 221.666 211.468 268.429 189.144 266.334 CV 0.929688
588.955 380.575 613.032 381.462 611.045 435.425 586.968 434.538 CV 0.925781
419.276 260.666 444.114 262.039 441.224 314.334 416.386 312.961 CV 0.921875
272.896 2.06742 297.939 3.6638 294.604 55.9951 269.561 54.3987 CV 0.921875
78.324 277.271 102.578 279.848 96.801 334.229 72.5469 331.652 CV 0.921875
273.446 154.404 295.832 155.675 293.054 204.596 270.668 203.325 CV 0.917969
445.417 282.841 467.153 283.625 465.583 327.159 443.847 326.375 CV 0.917969
412.778 367.253 435.245 369.919 430.222 412.247 407.755 409.581 CV 0.916992
103.123 298.305 125.015 301.038 119.502 345.195 97.6097 342.462 CV 0.916016
445.71 536.313 470.825 538.011 466.79 597.687 441.675 595.989 CV 0.915039
219.654 224.223 243.458 226.071 239.096 282.277 215.292 280.429 CV 0.912109
224.285 386.671 245.992 389.111 240.965 433.829 219.258 431.389 CV 0.912109
178.803 348.453 200.247 351.801 192.947 398.547 171.503 395.199 CV 0.912109
446.101 116.771 467.608 118.871 463.399 161.979 441.892 159.879 CV 0.911133
297.59 165.326 322.888 166.841 319.41 224.924 294.112 223.409 CV 0.911133
126.293 307.365 150.219 309.924 144.206 366.135 120.281 363.576 CV 0.910156
320.215 452.636 347.24 454.067 344.285 509.864 317.26 508.433 CV 0.910156
123.633 153.265 144.294 154.82 140.367 206.985 119.706 205.43 CV 0.908203
366.137 331.766 389.837 332.711 387.863 382.234 364.163 381.289 CV 0.908203
147.464 169.042 169.837 171.959 164.036 216.458 141.663 213.541 CV 0.907227
345.382 202.351 368.353 204.4 364.118 251.899 341.147 249.85 CV 0.907227
98.7887 138.861 120.601 140.033 117.586 196.139 95.774 194.967 CV 0.907227
421.981 97.8411 443.26 100.167 438.519 143.534 417.24 141.208 CV 0.904297
263.797 406.774 287.375 409.205 281.703 464.226 258.125 461.795 CV 0.904297
175.305 85.1981 197.962 86.8689 194.445 134.552 171.788 132.881 CV 0.904297
367.229 486.811 392.95 488.787 388.771 543.189 363.05 541.213 CV 0.900391
319.321 101.064 358.071 128.536 346.179 145.311 307.429 117.839 CV 0.898438
367.145 59.3592 392.467 60.992 388.355 124.766 363.033 123.133 CV 0.898438
48.6561 106.4 71.4875 109.18 65.5314 158.1 42.7 155.32 CV 0.898438
520.985 339.814 542.52 340.524 541.015 386.186 519.48 385.476 CV 0.898438
202.184 370.32 223.508 373.818 216.066 419.18 194.742 415.682 CV 0.896484
153.884 335.812 174.17 338.03 169.616 379.688 149.33 377.47 CV 0.895508
328.926 33.6023 350.538 37.3675 342.574 83.0852 320.962 79.32 CV 0.89502
53.9273 260.178 76.92 262.336 71.9477 315.322 48.955 313.164 CV 0.89502
4.16165 233.095 27.213 234.493 24.3071 282.405 1.25571 281.007 CV 0.890625
71.86 115.948 97.1995 117.29 94.14 175.052 68.8005 173.71 CV 0.890625
577.53 221.158 601.07 224.06 594.47 277.592 570.93 274.69 CV 0.888672
28.9477 236.69 53.3498 238.697 48.4898 297.81 24.0877 295.803 CV 0.886719
614.115 399.514 638.305 400.702 635.885 449.986 611.695 448.798 CV 0.876953
149.216 67.028 174.112 69.306 169.534 119.347 144.638 117.069 CV 0.87207
170.455 193.032 193.31 195.318 188.795 240.468 165.94 238.182 CV 0.869141
104.232 31.0038 128.19 33.252 123.393 84.3712 99.4353 82.123 CV 0.867188
223.948 -0.134143 248.697 0.150602 248.552 12.7435 223.803 12.4588 CV 0.768555
