411.365 112.014 451.073 122.474 424.135 224.736 384.427 214.276 LMV 0.775391
167.976 -3.0841 174.604 28.0942 71.8991 49.9278 65.271 18.7496 LMV 0.701172
323.073 486.029 362.066 497.428 334.427 591.971 295.434 580.572 CV 0.688965
180.93 157.508 183.136 189.965 76.0703 197.242 73.8642 164.785 LMV 0.688965
5.073 594.243 89.6971 594.632 89.4895 639.757 4.8654 639.368 MCV 0.673828
43.2948 77.7539 45.7413 105.364 -0.888561 109.496 -3.335 81.8855 SMV 0.618652
1.94078 15.133 39.3154 14.9611 39.4655 47.5857 2.09087 47.7577 LMV 0.587402
130.688 458.974 136.736 592.087 94.0618 594.026 88.0135 460.913 LMV 0.524902
43.9376 47.5857 45.9409 75.0753 0.124949 78.4143 -1.87844 50.9247 SMV 0.505859
182.249 248.144 186.208 278.574 99.5015 289.856 95.5419 259.426 LMV 0.481934
2.05228 47.7196 43.0204 47.4997 43.1977 80.5304 2.22956 80.7503 LMV 0.456055
181.136 194.292 182.356 226.707 82.6136 230.458 81.3944 198.043 LMV 0.452637
2.81519 10.3116 42.925 16.7608 37.7161 49.1572 -2.39377 42.708 SMV 0.433105
47.3166 110.574 50.1869 137.563 0.933374 142.801 -1.93687 115.812 SMV 0.432373
43.6324 111.614 46.8961 139.455 -3.69494 145.386 -6.95862 117.545 LMV 0.286377
40.2962 79.3217 43.8389 106.971 -4.60874 113.178 -8.15143 85.5294 LMV 0.261475
