192.736 192.731 225.705 192.706 225.764 269.769 192.795 269.794 CV 0.875
86.5929 25.9521 100.489 53.0322 40.6571 83.7354 26.7608 56.6553 CV 0.864258
138.795 193.047 174.689 193.982 172.455 279.703 136.561 278.768 CV 0.833496
463.119 191.005 500.301 191.632 498.881 275.745 461.699 275.118 CV 0.816406
539.347 207.884 572.499 207.375 573.653 282.616 540.501 283.125 CV 0.808594
196.77 450.765 197.637 289.517 238.23 289.735 237.363 450.983 LMV 0.765625
283.251 300.509 291.526 453.035 246.249 455.491 237.974 302.965 LMV 0.757324
397.13 189.09 432.189 188.606 433.37 274.16 398.311 274.644 CV 0.738281
70.8857 213.343 101.728 213.035 102.364 276.907 71.5221 277.215 CV 0.73291
383.14 190.907 387.322 282.937 350.86 284.593 346.678 192.563 CV 0.652832
78.0264 332.404 131.399 331.913 132.349 435.096 78.9758 435.587 LMV 0.609863
-2.66144 214.94 24.336 214.567 25.3021 284.56 -1.69536 284.933 CV 0.582031
186.308 285.003 189.433 441.097 144.442 441.997 141.317 285.903 LMV 0.581543
-0.44103 299.773 9.45684 299.667 9.95666 346.227 0.0587878 346.333 CV 0.401123
142.267 543.68 188.037 546.774 181.983 636.32 136.213 633.226 MCV 0.304932
599.106 585.638 643.281 584.588 643.894 610.362 599.719 611.412 CV 0.28125
