589.75 30.5366 628.216 39.9196 623.25 60.2759 584.784 50.8929 SMV 0.958984
510.582 299.848 550.49 307.278 546.418 329.152 506.51 321.722 SMV 0.939453
541.933 207.653 583.162 217.71 578.067 238.597 536.838 228.54 SMV 0.923828
595.232 6.56857 635.275 17.3471 629.768 37.8064 589.725 27.0279 SMV 0.921875
502.699 325.795 543.208 332.888 539.301 355.205 498.792 348.112 SMV 0.916016
580.189 56.2562 620.203 66.0169 614.811 88.1188 574.797 78.3581 SMV 0.902344
482.675 402.157 524.592 407.455 521.825 429.343 479.908 424.045 SMV 0.895508
516.437 274.19 557.746 281.423 553.563 305.31 512.254 298.077 SMV 0.894531
549.887 175.232 590.377 182.607 586.113 206.018 545.623 198.643 SMV 0.892578
488.092 371.108 531.416 378.792 527.408 401.392 484.084 393.708 SMV 0.876953
569.843 103.537 611.592 115.643 605.157 137.838 563.408 125.732 SMV 0.859863
394.824 205.184 424.895 210.734 414.176 268.816 384.105 263.266 SMV 0.835938
627.644 449.295 648.259 453.907 639.356 493.705 618.741 489.093 SMV 0.697754
622.294 116.568 643.655 118.374 641.706 141.432 620.345 139.626 SMV 0.609375
478.841 628.136 506.927 630.879 505.659 643.864 477.573 641.121 SMV 0.422852
629.69 330.51 641.705 330.648 641.31 364.99 629.295 364.852 SMV 0.415039
615.573 143.861 642.753 148.532 639.427 167.889 612.247 163.218 SMV 0.409668
25.1237 3.43545 51.0016 4.64699 48.8138 51.3771 22.9359 50.1655 SMV 0.259277
