111.937 487.451 144.432 487.999 142.938 576.549 110.443 576.001 LMV 0.734863
17.6645 467.678 42.4993 468.345 40.8355 530.322 16.0007 529.655 MCV 0.694824
293.608 359.915 295.885 388.12 178.642 397.585 176.365 369.38 LMV 0.556152
50.6697 456.694 78.534 457.463 76.2053 541.806 48.341 541.037 LMV 0.550781
304.041 432.576 306.312 461.409 198.209 469.924 195.938 441.091 LMV 0.460449
21.9828 359.313 47.5241 360.685 45.2672 402.687 19.7259 401.315 SMV 0.44043
111.152 395.762 140.671 394.902 143.348 486.738 113.829 487.598 LMV 0.421143
303.727 406.021 306.041 435.399 190.773 444.479 188.459 415.101 LMV 0.343018
111.851 440.652 138.128 440.169 139.024 488.848 112.747 489.331 SMV 0.330078
16.942 466.174 43.2787 466.78 41.8393 529.326 15.5025 528.72 LMV 0.276123
285.466 333.888 286.484 360.962 216.034 363.612 215.016 336.538 LMV 0.265381
-1.12388 394.077 21.0499 395.49 15.0301 489.923 -7.14361 488.51 LMV 0.262451
