321.202 563.261 348.462 564.683 345.798 615.739 318.538 614.317 CV 0.9375
267.86 548.597 291.928 549.706 289.64 599.403 265.572 598.294 CV 0.921875
125.714 589.174 154.035 591.568 149.786 641.826 121.465 639.432 CV 0.912109
203.404 425.66 229.445 427.541 225.596 480.84 199.555 478.959 CV 0.912109
258.259 613.857 284.514 614.623 283.741 641.143 257.486 640.377 CV 0.911133
340.737 443.556 368.474 446.329 363.263 498.444 335.526 495.671 CV 0.910156
178.505 423.845 203.469 425.879 199.495 474.655 174.531 472.621 CV 0.908203
15.6443 279.092 61.604 286.16 58.1057 308.908 12.146 301.84 CV 0.908203
257.653 436.154 286.273 438.53 281.847 491.846 253.227 489.47 CV 0.905273
461.191 593.699 486.071 595.803 482.309 640.301 457.429 638.197 CV 0.904297
149.72 418.158 173.494 419.984 169.78 468.342 146.006 466.516 CV 0.902344
293.553 555.396 318.96 557.386 314.947 608.604 289.54 606.614 CV 0.901367
158.854 538.301 184.318 539.925 181.146 589.699 155.682 588.075 CV 0.899414
240.765 552.263 268.08 554.066 264.735 604.737 237.42 602.934 CV 0.898438
200.68 604.31 228.642 605.769 226.82 640.69 198.858 639.231 CV 0.897461
489.897 596.362 515.862 597.696 513.603 641.638 487.638 640.304 CV 0.896484
214.317 543.411 239.202 545.015 235.683 599.589 210.798 597.985 CV 0.895508
409.166 578.14 436.341 581.027 430.834 632.86 403.659 629.973 CV 0.894531
398.006 458.222 425.487 460.714 419.994 521.278 392.513 518.786 CV 0.892578
104.278 531.908 129.958 533.327 127.097 585.092 101.417 583.673 CV 0.886719
186.089 542.529 213.461 544.189 210.411 594.471 183.039 592.811 CV 0.884766
377.545 567.016 408.501 570.543 401.955 627.984 370.999 624.457 CV 0.879883
117.383 411.333 147.234 413.144 143.867 468.667 114.016 466.856 CV 0.87793
580.618 564.394 595.293 616.426 573.382 622.606 558.707 570.574 CV 0.857422
142.563 294.886 198.253 300.455 195.187 331.114 139.497 325.545 CV 0.856445
152.352 598.224 179.091 599.989 176.398 640.776 149.659 639.011 CV 0.856445
432.997 586.903 458.989 588.819 455.503 636.097 429.511 634.181 CV 0.851562
339.815 625.613 360.059 626.11 359.685 641.387 339.441 640.89 CV 0.849609
370.844 54.4822 409.331 58.421 402.656 123.643 364.169 119.704 AFV 0.848633
253.226 39.7254 288.274 45.1721 278.274 109.525 243.226 104.078 AFV 0.848633
540.262 604.951 567.776 606.578 565.738 641.049 538.224 639.422 CV 0.84375
426.601 523.138 477.721 529.879 473.899 558.862 422.779 552.121 CV 0.828613
309.072 618.591 336.615 619.986 335.428 643.409 307.885 642.014 CV 0.80957
595.813 609.337 623.325 610.371 622.187 640.663 594.675 639.629 CV 0.784668
216.296 34.6824 249.58 40.6402 238.204 104.193 204.92 98.2348 AFV 0.728027
625.728 617.183 641.702 617.477 641.272 640.817 625.298 640.523 CV 0.640137
176.115 19.011 207.304 22.4206 199.385 94.864 168.196 91.4544 SMV 0.509766
366.031 625.072 391.082 627.539 389.469 643.928 364.418 641.461 CV 0.441895
176.173 14.0922 208.545 17.8832 199.327 96.5953 166.955 92.8043 AFV 0.370361
541.027 0.776108 569.997 1.70913 568.973 33.5051 540.003 32.5721 AFV 0.337891
176.521 10.9851 208.564 14.3378 199.979 96.3899 167.936 93.0372 LMV 0.268311
