421.967 144.993 434.784 169.324 358.033 209.757 345.216 185.426 LMV 0.845215
553.074 351.846 565.148 372.098 518.926 399.654 506.852 379.402 LMV 0.755859
637.446 506.572 648.766 527.415 604.554 551.428 593.234 530.585 LMV 0.750977
489.759 319.219 502.459 344.209 446.241 372.781 433.541 347.791 MCV 0.740234
569.718 374.367 583.579 396.862 522.282 434.633 508.421 412.138 LMV 0.736328
614.944 460.962 623.782 481.314 576.056 502.038 567.218 481.686 LMV 0.635254
475.438 295.023 489.249 319.308 433.562 350.977 419.751 326.692 MCV 0.634766
457.883 255.753 470.7 280.911 413.117 310.247 400.3 285.089 MCV 0.630371
400.099 127.589 410.907 148.104 352.901 178.661 342.093 158.146 LMV 0.621094
279.053 402.458 287.958 422.695 239.447 444.042 230.542 423.805 LMV 0.604004
36.2744 411.791 45.2434 432.953 3.35064 450.709 -5.6184 429.547 LMV 0.541992
432.146 236.367 445.648 258.568 397.854 287.633 384.352 265.432 MCV 0.512207
90.2414 528.414 100.175 545.881 62.0086 567.586 52.0753 550.119 SMV 0.511719
401.249 127.463 411.369 148.274 353.251 176.537 343.131 155.726 MCV 0.478516
208.143 409.261 218.906 429.693 176.107 452.239 165.344 431.807 MCV 0.470703
279.407 572.011 288.834 590.741 250.593 609.989 241.166 591.259 LMV 0.456055
77.0053 506.552 86.5925 524.495 51.1197 543.448 41.5325 525.505 SMV 0.442871
219.947 431.931 228.925 452.015 186.303 471.069 177.325 450.985 MCV 0.416016
339.957 548.015 348.875 571.035 302.543 588.985 293.625 565.965 MCV 0.385498
285.584 426.012 294.764 446.708 247.916 467.488 238.736 446.792 LMV 0.384766
391.595 206.815 405.241 231.479 352.905 260.435 339.259 235.771 LMV 0.347656
48.2726 564.007 56.4792 582.656 19.3524 598.993 11.1458 580.344 SMV 0.347656
258.825 532.521 268.541 553.696 225.425 573.479 215.709 552.304 MCV 0.34082
189.099 370.645 198.743 389.948 157.901 410.355 148.257 391.052 MCV 0.335205
161.732 317.889 170.946 337.366 130.268 356.611 121.054 337.134 AFV 0.33374
52.5224 587.786 60.1354 606.719 21.6026 622.214 13.9896 603.281 SMV 0.330078
305.024 615.68 312.502 635.32 270.476 651.32 262.998 631.68 LMV 0.323975
40.486 544.777 47.8412 561.36 12.0765 577.223 4.72127 560.64 SMV 0.311279
200.688 389.171 210.902 408.197 167.812 431.329 157.598 412.303 MCV 0.298828
365.06 618.35 369.659 638.616 325.44 648.65 320.841 628.384 LMV 0.290771
161.718 318.33 170.607 337.855 129.282 356.67 120.393 337.145 SMV 0.287598
294.276 593.285 303.24 611.268 264.224 630.715 255.26 612.732 LMV 0.271973
146.871 286.856 159.43 308.941 118.629 332.144 106.07 310.059 MCV 0.27002
332.924 526.998 340.789 549.276 290.576 567.002 282.711 544.724 MCV 0.266357
