48.5296 141.835 78.6778 192.405 58.5329 204.415 28.3847 153.845 LMV 0.818359
191.16 368.481 252.735 413.135 237.59 434.019 176.015 389.365 LMV 0.767578
2.47364 176.613 29.6319 224.368 9.81542 235.637 -17.3429 187.882 LMV 0.705566
23.2164 163.263 56.7584 209.658 37.2836 223.737 3.74164 177.342 LMV 0.686035
570.991 465.752 601.882 505.702 585.009 518.748 554.118 478.798 AFV 0.683105
589.638 450.642 622.337 489.371 606.362 502.858 573.663 464.129 AFV 0.671387
487.48 532.802 515.804 571.979 497.52 585.198 469.196 546.021 AFV 0.640137
161.889 278.696 268.505 353.734 250.861 378.804 144.245 303.766 LMV 0.638184
329.535 145.224 442.136 229.256 423.465 254.276 310.864 170.244 LMV 0.634277
155.589 79.8021 196.753 129.783 175.911 146.948 134.747 96.9669 LMV 0.616211
271.557 503.126 294.443 534.782 189.193 610.874 166.307 579.218 LMV 0.602539
482.409 12.1871 596.621 89.1987 578.591 115.938 464.379 38.9263 LMV 0.599121
528.589 501.268 561.158 537.627 545.411 551.732 512.842 515.373 AFV 0.589355
116.445 104.081 147.889 149.89 128.18 163.419 96.7355 117.61 LMV 0.567383
421.182 579.811 447.364 620.153 428.818 632.189 402.636 591.847 AFV 0.564941
463.563 548.406 493.29 589.23 474.937 602.594 445.21 561.77 AFV 0.560059
406.014 100.889 483.355 180.335 460.986 202.111 383.645 122.665 LMV 0.556641
394.064 594.577 423.165 636.839 403.436 650.423 374.335 608.161 AFV 0.547852
91.2864 118.196 124.492 164.986 103.964 179.554 70.7584 132.764 LMV 0.544922
611.135 429.121 645.783 474.066 627.865 487.879 593.217 442.934 LMV 0.532715
528.022 501.369 561.672 538.35 545.978 552.631 512.328 515.65 SMV 0.518555
550.231 482.837 580.984 522.972 563.769 536.163 533.016 496.028 AFV 0.516602
97.3988 368.374 226.513 452.082 210.601 476.626 81.4868 392.918 LMV 0.504883
509.733 515.125 538.434 554.298 521.267 566.875 492.566 527.702 AFV 0.487305
225.116 211.389 322.77 298.521 300.384 323.611 202.73 236.479 LMV 0.487305
633.878 420.504 653.884 445.259 638.122 457.996 618.116 433.241 LMV 0.483887
364.27 612.528 396.052 632.783 382.23 654.472 350.448 634.217 LMV 0.481934
1.22578 223.523 26.2327 259.954 8.35234 272.227 -16.6546 235.796 MCV 0.439941
624.045 236.742 655.577 249.457 642.955 280.758 611.423 268.043 LMV 0.437988
440.644 565.417 469.02 605.402 451.856 617.583 423.48 577.598 LMV 0.41748
393.516 595.712 422.308 636.284 403.984 649.288 375.192 608.716 LMV 0.409668
508.91 513.75 540.565 555.867 524.09 568.25 492.435 526.133 SMV 0.408936
439.43 68.1893 524.365 165.946 501.07 186.186 416.135 88.4289 LMV 0.385498
421.187 579.095 448.125 620.735 429.313 632.905 402.375 591.265 SMV 0.373047
439.816 563.869 470.222 605.241 452.684 618.131 422.278 576.759 AFV 0.373047
461.504 546.421 493.43 591.13 475.996 603.579 444.07 558.87 SMV 0.360107
141.808 92.839 174.977 142.763 156.692 154.911 123.523 104.987 MCV 0.344971
67.1871 340.671 218.468 450.381 198.563 477.829 47.2816 368.119 LMV 0.342529
611.89 428.795 642.368 472.461 624.11 485.205 593.632 441.539 AFV 0.335205
477.054 39.5342 590.432 168.876 565.946 190.341 452.568 60.9987 LMV 0.313232
137.961 91.2584 172.126 142.357 154.539 154.117 120.374 103.018 LMV 0.310547
487.204 531.747 517.937 573.694 500.796 586.253 470.063 544.306 SMV 0.30127
178.322 68.0484 218.464 121.457 199.678 135.577 159.536 82.1677 MCV 0.294678
381.417 -7.66685 385.148 16.405 322.583 26.1044 318.852 2.03253 LMV 0.281494
499.293 77.9715 602.359 168.229 583.707 189.528 480.641 99.2712 LMV 0.260742
