574.325 575.561 601.01 575.193 601.675 623.439 574.99 623.807 CV 0.892578
475.762 575.198 479.3 623.099 456.238 624.802 452.7 576.901 CV 0.860352
497.802 107.242 523.067 107.164 523.198 149.758 497.933 149.836 CV 0.860352
617.215 210.04 641.183 210.243 640.785 257.46 616.817 257.257 CV 0.848633
477.112 532.444 503.871 531.849 504.888 577.556 478.129 578.151 CV 0.84375
435.096 564.371 438.092 630.303 408.904 631.629 405.908 565.697 CV 0.833496
527.415 578.961 549.931 578.132 551.585 623.039 529.069 623.868 CV 0.828613
616.578 258.022 618.406 306.613 595.422 307.478 593.594 258.887 CV 0.823242
472.731 210.775 497.114 210.177 498.269 257.225 473.886 257.823 CV 0.813477
502.016 524.494 529.332 523.656 530.984 577.506 503.668 578.344 CV 0.810059
592.547 202.084 595.276 250.633 572.453 251.916 569.724 203.367 CV 0.800293
623.115 567.22 627.113 619.943 602.885 621.78 598.887 569.057 CV 0.789062
565.858 206.478 567.351 256.581 544.142 257.272 542.649 207.169 CV 0.788086
628.318 571.357 641.255 571.238 641.682 617.643 628.745 617.762 CV 0.732422
597.244 209.703 617.88 209.275 618.756 251.547 598.12 251.975 CV 0.367188
