506.852 89.1236 525.179 93.8318 515.148 132.876 496.821 128.168 CV 0.921875
357.12 14.8928 393.161 23.5352 388.88 41.3885 352.839 32.746 CV 0.921875
459.963 176.309 481.032 180.264 473.537 220.191 452.468 216.236 CV 0.912109
517.473 41.9359 535.428 45.5359 527.527 84.9391 509.572 81.3391 CV 0.908203
562.515 43.9001 582.669 49.3406 570.485 94.4749 550.331 89.0343 CV 0.904297
486.365 82.3899 504.427 86.8684 494.635 126.36 476.573 121.882 CV 0.899414
547.816 97.4765 568.212 102.732 558.184 141.648 537.788 136.393 CV 0.894531
506.981 565.149 520.416 577.362 494.519 605.851 481.084 593.638 CV 0.892578
571.098 101.795 589.878 106.928 578.902 147.08 560.122 141.947 CV 0.889648
440.614 504.181 455.442 516.235 424.886 553.819 410.058 541.765 CV 0.888672
538.162 40.7858 558.469 44.0203 551.838 85.6517 531.531 82.4172 CV 0.883789
508.449 184.761 528.677 190.745 516.551 231.739 496.323 225.755 CV 0.879883
343.718 80.875 383.244 89.1116 379.282 108.125 339.756 99.8884 CV 0.854492
626.996 59.4155 646.927 65.9303 632.004 111.585 612.073 105.07 CV 0.84375
421.532 493.126 435.797 506.376 407.468 536.874 393.203 523.624 CV 0.832031
408.241 613.709 422.483 626.567 399.259 652.291 385.017 639.433 CV 0.81543
333.763 100.631 371.593 109.581 367.237 127.994 329.407 119.044 CV 0.794434
441.355 69.3186 463.934 71.5416 459.145 120.181 436.566 117.958 CV 0.780762
477.103 25.9636 497.08 30.9012 486.897 72.0989 466.92 67.1613 CV 0.77832
422.478 624.364 439.204 630.117 433.522 646.636 416.796 640.883 CV 0.729004
611.133 111.733 629.259 117.109 617.867 155.517 599.741 150.141 CV 0.714355
339.882 126.728 373.569 131.329 371.118 149.272 337.431 144.671 CV 0.634277
631.133 119.302 649.434 122.217 642.867 163.448 624.566 160.533 CV 0.563477
464.933 546.7 477.138 556.28 459.067 579.3 446.862 569.72 CV 0.54834
392.808 597.725 409.159 612.676 375.692 649.275 359.341 634.324 CV 0.51123
453.841 520.655 467.942 531.514 442.659 564.345 428.558 553.486 CV 0.490234
538.79 591.29 555.015 605.373 525.21 639.71 508.985 625.627 CV 0.46875
566.834 622.631 590.852 632.749 582.166 653.369 558.148 643.251 CV 0.450684
369.937 -2.50598 404.628 -0.00102806 404.063 7.81067 369.372 5.30572 CV 0.34668
387.872 608.678 399.119 620.857 366.128 651.322 354.881 639.143 CV 0.286621
