424.581 312.811 470.991 390.142 443.419 406.689 397.009 329.358 LMV 0.81543
395.208 332.959 443.524 403.347 416.292 422.041 367.976 351.653 LMV 0.814453
513.381 248.171 564.994 326.435 538.619 343.829 487.006 265.565 LMV 0.782715
563.703 214.79 613.023 292.601 581.297 312.71 531.977 234.899 LMV 0.749023
371.205 347.114 414.572 423.543 389.295 437.886 345.928 361.457 LMV 0.741699
275.538 388.4 317.119 469.626 283.962 486.6 242.381 405.374 LMV 0.697266
473.524 276.278 518.195 352.387 495.476 365.722 450.805 289.613 LMV 0.681641
354.755 124.649 431.405 144.78 423.245 175.851 346.595 155.72 LMV 0.65625
453.644 289.706 497.085 366.093 470.356 381.294 426.915 304.907 LMV 0.647949
350.028 356.264 393.206 433.587 366.972 448.236 323.794 370.913 LMV 0.585938
122.917 37.5647 137.161 62.8976 79.9577 95.0603 65.7142 69.7274 LMV 0.549805
617.237 185.337 658.783 272.713 625.763 288.413 584.217 201.037 LMV 0.536621
293.974 21.7375 362.997 34.8071 357.526 63.7 288.503 50.6304 LMV 0.493164
322.36 363.53 369.918 443.304 343.64 458.97 296.082 379.196 LMV 0.453125
440.865 89.8337 475.814 151.708 443.135 170.166 408.186 108.292 LMV 0.408203
289.112 -5.97314 353.363 2.04858 349.888 29.8794 285.637 21.8577 LMV 0.356445
417.567 -7.99849 492.472 20.6237 479.433 54.7485 404.528 26.1263 LMV 0.338867
117.709 -23.709 129.02 3.57025 50.0406 36.3183 38.7296 9.03913 LMV 0.326172
588.041 19.8688 618.282 76.2023 588.959 91.9437 558.718 35.6102 LMV 0.311279
542.064 -12.8157 579.248 -9.03998 575.936 23.5736 538.752 19.7978 LMV 0.2854
