332.033 428.293 412.52 444.298 407.467 469.707 326.98 453.702 LMV 0.819824
282.469 465.531 385.313 486.386 380.531 509.969 277.687 489.114 LMV 0.782715
343.116 303.856 451.961 324.976 446.884 351.144 338.039 330.024 LMV 0.661621
308.266 616.405 398.821 626.584 396.234 649.595 305.679 639.416 LMV 0.612305
360.125 536.683 407.75 543.152 404.875 564.317 357.25 557.848 SMV 0.578125
362.344 -2.53088 415.312 60.3932 394.656 77.7809 341.688 14.8569 MCV 0.419678
572.738 570.093 646.002 580.5 640.262 620.907 566.998 610.5 MCV 0.375977
581.569 533.898 641.626 537.862 639.431 571.102 579.374 567.138 MCV 0.368896
390.992 -6.43363 430.26 35.1844 412.508 51.9336 373.24 10.3156 MCV 0.334717
360.65 536.02 407.301 543.521 403.85 564.98 357.199 557.479 LMV 0.330811
