393.893 292.833 448.412 300.32 444.107 331.667 389.588 324.18 AFV 0.956055
320.575 316.892 374.653 321.212 372.425 349.108 318.347 344.788 AFV 0.951172
383.862 327.281 436.521 334.061 432.638 364.219 379.979 357.439 AFV 0.947266
450.325 470.201 502.572 470.802 502.175 505.299 449.928 504.698 AFV 0.943359
517.413 573.16 563.538 573.09 563.587 604.84 517.462 604.91 AFV 0.9375
331.961 446.883 382.063 448.382 381.039 482.617 330.937 481.118 AFV 0.93457
447.813 254.939 499.681 255.815 499.187 285.061 447.319 284.185 AFV 0.929688
383.975 419.447 439.666 423.123 437.525 455.553 381.834 451.877 AFV 0.928711
454.129 373.288 508.457 376.207 506.871 405.712 452.543 402.793 AFV 0.928711
507.785 347.89 562.06 351.182 560.215 381.61 505.94 378.318 AFV 0.928711
328.476 285.038 382.478 290.229 379.524 320.962 325.522 315.771 AFV 0.928711
394.255 453.662 443.263 455.166 442.245 488.338 393.237 486.834 AFV 0.926758
511.751 262.072 566.848 268.48 563.249 299.428 508.152 293.02 AFV 0.925781
577.688 484.489 624.936 483.982 625.312 519.011 578.064 519.518 AFV 0.923828
406.063 550.622 449.838 549.883 450.437 585.378 406.662 586.117 AFV 0.923828
394.555 362.164 447.45 365.493 445.445 397.336 392.55 394.007 AFV 0.923828
335.529 483.844 382.833 482.974 383.471 517.656 336.167 518.526 AFV 0.923828
444.672 338.433 494.595 340.578 493.328 370.067 443.405 367.922 AFV 0.921875
509.925 314.905 564.669 317.635 563.075 349.595 508.331 346.865 AFV 0.921875
327.896 410.436 380.294 413.17 378.604 445.564 326.206 442.83 AFV 0.921875
391.486 484.914 441.42 485.526 441.014 518.586 391.08 517.974 AFV 0.920898
463.832 515.052 513.786 513.864 514.668 550.948 464.714 552.136 AFV 0.918945
570.242 440.389 624.176 441.051 623.758 475.111 569.824 474.449 AFV 0.918945
325.994 376.968 380.906 380.086 379.006 413.532 324.094 410.414 AFV 0.917969
577.771 548.033 628.02 547.686 628.229 577.967 577.98 578.314 AFV 0.916992
516.977 381.073 568.715 382.184 568.023 414.427 516.285 413.316 AFV 0.916016
510.545 441.634 558.669 441.929 558.455 476.866 510.331 476.571 AFV 0.916016
512.324 475.679 562.003 474.765 562.676 511.321 512.997 512.235 AFV 0.915039
446.194 437.601 495.975 437.868 495.806 469.399 446.025 469.132 AFV 0.914062
465.363 552.054 509.478 551.14 510.137 582.946 466.022 583.86 AFV 0.912109
453.652 311.332 503.164 313.573 501.848 342.668 452.336 340.427 AFV 0.912109
335.984 515.837 389.539 516.699 389.016 549.163 335.461 548.301 AFV 0.910156
568.288 541.669 570.698 571.164 519.712 575.331 517.302 545.836 AFV 0.90918
319.3 345.621 372.45 348.886 370.7 377.379 317.55 374.114 AFV 0.90625
449.438 400.776 502.402 405.293 500.062 432.724 447.098 428.207 AFV 0.90625
514.541 412.638 565.97 413.585 565.459 441.362 514.03 440.415 AFV 0.904297
397.387 516.088 450.57 516.822 450.113 549.912 396.93 549.178 AFV 0.904297
257.688 331.203 306.812 331.203 306.812 365.797 257.688 365.797 AFV 0.900391
565.056 508.834 567.531 536.772 517.944 541.166 515.469 513.228 AFV 0.898438
576.869 517.126 626.452 516.099 627.131 548.874 577.548 549.901 AFV 0.897461
357.239 581.146 402.456 580.73 402.761 613.854 357.544 614.27 AFV 0.897461
263.79 368.401 315.563 367.448 316.21 402.599 264.437 403.552 AFV 0.894531
326.244 515.366 327.922 544.708 276.756 547.634 275.078 518.292 AFV 0.893555
327.08 483.341 328.495 515.873 275.92 518.159 274.505 485.627 AFV 0.883789
391.883 393.912 442.107 396.882 440.617 422.088 390.393 419.118 AFV 0.882812
314.757 446.452 316.855 475.25 264.743 479.048 262.645 450.25 AFV 0.871582
331.339 548.848 333.198 576.599 280.161 580.152 278.302 552.401 AFV 0.863281
346.373 548.593 405.555 549.41 405.127 580.407 345.945 579.59 AFV 0.762695
502.945 -12.2965 528.219 24.0259 503.555 41.1872 478.281 4.86473 AFV 0.558594
