3.80378 41.0204 49.878 42.3636 49.2587 63.6046 3.18455 62.2614 CV 0.919922
201.24 196.217 206.229 216.455 159.26 228.033 154.271 207.795 CV 0.912109
-0.298317 67.3636 48.1377 69.8535 46.9858 92.2614 -1.45023 89.7715 CV 0.912109
224.924 -9.64389 232.364 11.1096 184.326 28.3314 176.886 7.57791 CV 0.858887
220.144 45.4228 224.882 66.4905 175.856 77.5147 171.118 56.447 CV 0.856445
215.554 93.6849 221.389 116.304 170.946 129.315 165.111 106.696 CV 0.855469
0.676462 117.921 33.3529 118.773 32.8235 139.079 0.147139 138.227 CV 0.813477
-1.73496 299.467 13.9791 299.852 13.4225 322.533 -2.29156 322.148 CV 0.789062
16.6305 466.004 55.393 470.302 45.3383 560.996 6.57577 556.698 LMV 0.728027
13.7722 -2.98911 58.0864 -0.131674 57.2278 13.1844 12.9136 10.327 CV 0.722656
-1.47348 247.393 18.7031 248.058 17.9266 271.607 -2.24993 270.942 CV 0.675293
190.479 238.717 199.553 263.948 133.271 287.783 124.197 262.552 CV 0.500488
