187.26 314.836 194.768 382.295 168.99 385.164 161.482 317.705 LMV 0.885742
338.251 66.0892 367.819 67.9278 363.249 141.411 333.681 139.572 LMV 0.874023
360.469 292.442 369.778 359.865 343.031 363.558 333.722 296.135 LMV 0.870117
601.013 284.573 608.362 350.603 582.987 353.427 575.638 287.397 LMV 0.870117
315.558 306.647 322.934 374.121 297.942 376.853 290.566 309.379 LMV 0.860352
481.066 302.547 494.474 367.809 469.434 372.953 456.026 307.691 LMV 0.851562
528.708 291.482 540.449 360.934 516.292 365.018 504.551 295.566 LMV 0.847168
141.956 322.681 147.126 390.86 121.294 392.819 116.124 324.64 LMV 0.831543
98.0631 575.446 103.753 636.933 75.4369 639.554 69.7466 578.067 LMV 0.828613
61.7666 575.518 68.1967 640.827 41.2334 643.482 34.8033 578.173 LMV 0.813477
463.342 85.607 494.086 86.2197 492.658 157.893 461.914 157.28 LMV 0.810059
487.815 498.336 493.445 567.232 463.685 569.664 458.055 500.768 LMV 0.77832
640.093 272.932 644.334 341.238 622.907 342.568 618.666 274.262 LMV 0.774414
371.166 600.804 389.59 635.531 363.834 649.196 345.41 614.469 LMV 0.760742
463.959 586.864 473.512 639.314 447.041 644.136 437.488 591.686 LMV 0.724609
322.624 608.247 353.153 613.978 347.376 644.753 316.847 639.022 LMV 0.685059
544.068 569.845 554.335 642.12 525.932 646.155 515.665 573.88 LMV 0.679199
243.395 617.304 269.551 617.243 269.605 640.696 243.449 640.757 LMV 0.675781
431.948 0.413828 575.278 18.7618 571.052 51.7737 427.722 33.4257 LMV 0.644531
278.347 612.082 307.216 612.658 306.653 640.918 277.784 640.342 LMV 0.626465
261.976 63.145 293.628 64.6269 290.024 141.605 258.372 140.123 LMV 0.618164
384.692 419.402 526.508 428.764 524.308 462.098 382.492 452.736 LMV 0.569824
426.881 593.684 438.39 638.124 410.619 645.316 399.11 600.876 LMV 0.528809
397.583 599.647 411.542 632.763 386.417 643.353 372.458 610.237 LMV 0.495117
589.24 569.071 603.231 639.253 574.76 644.929 560.769 574.747 LMV 0.44043
625.155 567.261 647.461 640.306 619.845 648.739 597.539 575.694 LMV 0.401855
