59.7675 592.283 68.0367 614.197 21.6075 631.717 13.3383 609.803 SMV 0.898438
246.67 572.052 318.585 580.194 315.33 608.948 243.415 600.806 LMV 0.797852
632.442 205.517 644.531 229.537 581.558 261.233 569.469 237.213 LMV 0.789062
89.9954 551.222 99.2276 571.036 59.0046 589.778 49.7724 569.964 SMV 0.784668
48.0598 570.245 56.1075 590.603 10.1902 608.755 2.14249 588.397 SMV 0.78418
68.122 615.967 75.4484 638.016 30.253 653.033 22.9266 630.984 SMV 0.772461
639.6 229.532 652.879 255.472 589.4 287.968 576.121 262.028 LMV 0.75293
316.254 466.515 391.202 477.508 387.246 504.485 312.298 493.492 LMV 0.743652
107.891 597.562 117.604 617.736 74.6094 638.438 64.896 618.264 SMV 0.738281
642.257 256.948 656.191 281.45 599.743 313.552 585.809 289.05 LMV 0.736328
636.899 282.698 654.141 306.77 617.101 333.302 599.859 309.23 LMV 0.708496
263.972 603.918 339.923 609.053 338.028 637.082 262.077 631.947 LMV 0.666504
34.9011 549.544 42.9589 569.14 0.84893 586.456 -7.2089 566.86 SMV 0.657715
181.516 458.108 261.891 457.861 261.984 488.392 181.61 488.639 LMV 0.63916
334.274 493.156 404.801 507.01 399.726 532.844 329.199 518.99 LMV 0.638184
619.025 186.141 631.128 209.117 568.975 241.859 556.872 218.883 LMV 0.62207
237.722 544.124 302.227 548.98 300.278 574.876 235.773 570.02 LMV 0.601562
440.988 335.105 515.559 339.283 514.012 366.895 439.441 362.717 LMV 0.599121
606.819 165.033 616.553 187.449 572.181 206.717 562.447 184.301 SMV 0.550781
306.388 436.592 373.268 444.213 370.112 471.908 303.232 464.287 LMV 0.533203
354.492 524.099 427.027 542.923 419.508 571.901 346.973 553.077 LMV 0.526367
201.262 488.219 266.269 490.912 265.238 515.781 200.231 513.088 LMV 0.501953
572.884 106.162 582.43 126.087 545.116 143.963 535.57 124.038 SMV 0.443359
585.107 127.549 592.163 145.761 554.893 160.201 547.837 141.989 SMV 0.435791
19.3669 528.437 29.7651 547.807 0.414358 563.563 -9.98384 544.193 SMV 0.41748
460.364 368.304 531.976 371.602 530.636 400.696 459.024 397.398 LMV 0.396484
-2.06287 511.131 17.9271 512.836 16.1332 533.869 -3.85675 532.164 SMV 0.384766
556.27 539.862 627.729 557.062 620.73 586.138 549.271 568.938 LMV 0.384766
544.016 508.516 612.734 521.849 606.984 551.484 538.266 538.151 LMV 0.37793
33.3807 549.777 42.6794 569.888 3.02559 588.223 -6.27311 568.112 LMV 0.375
16.338 191.974 57.7008 283.773 21.6307 300.026 -19.7321 208.227 LMV 0.363525
529.149 564.857 557.259 623.533 528.851 637.143 500.741 578.467 LMV 0.335693
280.545 400.752 372.225 410.989 368.455 444.748 276.775 434.511 LMV 0.315186
412.276 325.684 455.288 413.044 421.224 429.816 378.212 342.456 LMV 0.289795
484.027 400.58 549.652 406.988 546.973 434.42 481.348 428.012 LMV 0.288574
-1.4787 493.004 9.68753 492.455 10.549 509.996 -0.617216 510.545 LMV 0.277832
125.263 616.491 133.342 636.584 93.7369 652.509 85.6575 632.416 SMV 0.275391
378.74 560.502 442.425 584.339 432.26 611.498 368.575 587.661 LMV 0.261719
496.171 495.265 523.695 552.004 493.329 566.735 465.805 509.996 LMV 0.255859
