528.552 326.525 539.383 353.611 478.448 377.975 467.617 350.889 MCV 0.875
599.607 437.544 612.248 463.54 538.393 499.456 525.752 473.46 MCV 0.823242
606.972 466.72 616.534 491.401 551.028 516.78 541.466 492.099 MCV 0.75293
360.518 27.3248 370.824 46.1229 336.982 64.6752 326.676 45.8771 SMV 0.738281
622.944 495.146 633.782 521.285 560.056 551.854 549.218 525.715 MCV 0.722168
347.372 3.34842 358.191 23.6449 321.128 43.4016 310.309 23.1051 SMV 0.610352
611.614 -6.75511 638.055 -3.49501 635.386 18.1535 608.945 14.8935 LMV 0.560547
624.649 11.6785 648.006 16.1541 643.351 40.4465 619.994 35.9709 LMV 0.423584
412.836 135.029 423.97 155.387 388.164 174.971 377.03 154.613 SMV 0.340576
428.014 160.25 440.509 181.397 400.986 204.75 388.491 183.603 SMV 0.32251
624.411 13.1269 647.796 17.2746 643.589 40.9981 620.204 36.8504 SMV 0.292725
