141.733 480.982 196.566 488.253 193.017 515.018 138.184 507.747 SMV 0.938477
149.86 449.639 200.345 456.177 196.89 482.861 146.405 476.323 SMV 0.928711
563.407 384.932 633.654 390.112 631.593 418.068 561.346 412.888 LMV 0.917969
314.661 135.905 375.357 140.567 372.839 173.345 312.143 168.683 AFV 0.915039
137.375 545.269 183.522 550.171 181.125 572.731 134.978 567.829 SMV 0.912109
565.487 413.516 636.029 422.104 632.513 450.984 561.971 442.396 LMV 0.904297
282.051 451.357 322.307 454.449 320.449 478.643 280.193 475.551 SMV 0.893555
308.086 172.173 369.679 177.381 366.914 210.077 305.321 204.869 AFV 0.862305
318.362 93.1296 380.796 101.556 376.638 132.37 314.204 123.944 AFV 0.847168
561.588 535.223 611.36 544.647 606.412 570.777 556.64 561.353 SMV 0.845703
287.444 419.006 327.016 422.412 324.556 450.994 284.984 447.588 SMV 0.839844
545.035 595.658 593.844 604.088 588.965 632.342 540.156 623.912 SMV 0.821289
565.334 459.169 626.224 462.815 624.666 488.831 563.776 485.185 LMV 0.821289
307.764 276.697 359.595 284.222 355.736 310.803 303.905 303.278 SMV 0.791016
173.407 245.98 234.465 256.38 229.843 283.52 168.785 273.12 SMV 0.755859
165.628 101.178 208.377 104.462 206.372 130.572 163.623 127.288 SMV 0.755859
184.211 198.508 241.921 209.844 236.539 237.242 178.829 225.906 SMV 0.744141
300.486 217.284 364.158 223.75 361.014 254.716 297.342 248.25 AFV 0.716309
169.458 323.506 220.151 328.497 217.542 354.994 166.849 350.003 SMV 0.67334
163.445 364.441 209.553 365.679 208.805 393.559 162.697 392.321 SMV 0.653809
50.3133 613.274 96.6757 619.75 93.1867 644.726 46.8243 638.25 SMV 0.411621
593.795 246.589 644.587 253.88 640.205 284.411 589.413 277.12 LMV 0.326904
