613.844 354.218 638.065 366.29 610.156 422.282 585.935 410.21 LMV 0.827148
558.934 323.784 584.325 336.025 555.066 396.716 529.675 384.475 LMV 0.805664
271.288 176.796 296.379 188.428 269.712 245.954 244.621 234.322 LMV 0.798828
585.93 340.818 609.62 352.554 581.07 410.182 557.38 398.446 LMV 0.786133
473.26 281.15 497.051 292.462 470.24 348.85 446.449 337.538 LMV 0.760742
443.209 265.479 468.425 277.213 441.291 335.521 416.075 323.787 LMV 0.760254
241.497 160.444 267.218 172.201 241.003 229.556 215.282 217.799 LMV 0.750977
327.788 203.641 352.741 214.745 326.212 274.359 301.259 263.255 LMV 0.746094
636.585 374.918 658.612 385.025 635.415 435.582 613.388 425.475 LMV 0.575195
410.73 326.019 433.727 336.253 416.27 375.481 393.273 365.247 SMV 0.405029
185.671 201.914 208.051 212.555 187.829 255.086 165.449 244.445 MCV 0.361084
441.671 339.329 463.228 349.663 443.329 391.171 421.772 380.837 SMV 0.327148
581.356 413.342 605.101 423.385 587.644 464.658 563.899 454.615 LMV 0.320068
141.965 -10.7182 178.428 -2.79902 173.785 18.5776 137.322 10.6584 LMV 0.299316
241.125 232.728 263.784 242.646 245.125 285.272 222.466 275.354 LMV 0.290039
156.165 184.738 178.543 195.953 156.335 240.262 133.957 229.047 LMV 0.287109
382.39 305.634 406.251 316.386 387.11 358.866 363.249 348.114 LMV 0.281494
551.055 404.527 573.709 416.166 550.945 460.473 528.291 448.834 LMV 0.272461
