552.509 207.001 563.582 246.704 545.491 251.749 534.418 212.046 CV 0.914062
531.301 209.948 542.346 250.469 523.699 255.552 512.654 215.031 CV 0.892578
443.633 238.738 456.942 277.154 437.867 283.762 424.558 245.346 CV 0.863281
342.215 273.381 362.208 315.64 344.285 324.119 324.292 281.86 CV 0.845703
395.611 250.744 411.745 288.3 394.389 295.756 378.255 258.2 CV 0.838867
416.703 239.255 433.888 274.682 418.297 282.245 401.112 246.818 CV 0.834473
572.661 202.703 584.791 241.606 567.339 247.047 555.209 208.144 CV 0.834473
282.78 293.912 298.951 335.772 278.72 343.588 262.549 301.728 CV 0.619629
509.842 215.754 523.825 260.757 506.158 266.246 492.175 221.243 CV 0.466309
494.761 221.449 506.508 267.925 485.239 273.301 473.492 226.825 CV 0.460938
