563.383 493.664 569.03 511.347 534.617 522.336 528.97 504.653 SMV 0.925781
540.046 424.38 545.862 442.353 507.954 454.62 502.138 436.647 SMV 0.917969
580.44 538.816 585.853 556.179 550.56 567.184 545.147 549.821 SMV 0.915039
573.401 514.567 578.945 532.723 540.599 544.433 535.055 526.277 SMV 0.914062
556.404 473.172 562.161 490.556 523.596 503.328 517.839 485.944 SMV 0.895508
189.952 292.812 196.92 313.118 151.548 328.688 144.58 308.382 CV 0.894531
181.35 264.487 189.639 284.206 144.9 303.013 136.611 283.294 CV 0.889648
439.555 555.589 444.395 574.898 406.445 584.411 401.605 565.102 SMV 0.889648
521.541 382.313 527.402 400.304 492.459 411.687 486.598 393.696 SMV 0.888672
450.37 576.969 455.495 596.366 415.13 607.031 410.005 587.634 SMV 0.885742
376.973 389.23 383.842 407.93 347.527 421.27 340.658 402.57 SMV 0.884766
431.746 527.162 437.202 547.812 399.254 557.838 393.798 537.188 SMV 0.883789
513.163 361.07 519.379 378.677 481.837 391.93 475.621 374.323 SMV 0.882812
547.582 448.287 553.293 467.389 515.418 478.713 509.707 459.611 SMV 0.874023
29.3344 93.9484 46.1001 130.678 25.2906 140.177 8.52485 103.447 SMV 0.860352
410.928 478.212 417.158 497.463 379.072 509.788 372.842 490.537 SMV 0.842773
385.903 410.089 393.025 429.478 355.097 443.411 347.975 424.022 SMV 0.842285
408.438 73.2317 416.222 93.8588 374.062 109.768 366.278 89.1412 AFV 0.841309
173.012 212.008 183.313 234.117 123.488 261.992 113.187 239.883 CV 0.838867
403.625 456.269 409.548 474.569 368.875 487.731 362.952 469.431 SMV 0.833496
419.398 500.939 425.782 519.843 389.602 532.061 383.218 513.157 SMV 0.830078
254.417 63.9018 259.893 82.617 221.083 93.9732 215.607 75.258 SMV 0.819336
476.472 595.201 482.85 618.873 420.028 635.799 413.65 612.127 LMV 0.810059
338.4 282.708 346.577 305.239 305.1 320.292 296.923 297.761 SMV 0.806641
278.305 133.336 285.027 153.972 240.695 168.414 233.973 147.778 SMV 0.806641
418.524 97.8779 426.534 118.552 382.476 135.622 374.466 114.948 AFV 0.803711
641.344 174.404 651.041 202.132 579.656 227.096 569.959 199.368 LMV 0.797852
284.801 80.3791 299.207 115.61 278.699 123.996 264.293 88.7653 SMV 0.791992
608.759 78.0089 618.286 104.504 543.241 131.491 533.714 104.996 LMV 0.784668
629.879 142.639 640.419 170.325 566.121 198.611 555.581 170.925 LMV 0.77832
640.612 214.38 648.705 239.22 588.388 258.87 580.295 234.03 LMV 0.765625
430.176 123.006 437.806 142.42 391.824 160.494 384.194 141.08 AFV 0.755371
498.283 313.424 505.524 333.136 466.217 347.576 458.976 327.864 SMV 0.734375
639.738 250.001 647.757 274.372 600.262 289.999 592.243 265.628 LMV 0.725098
493.311 280.524 500.445 302.866 454.689 317.476 447.555 295.134 SMV 0.717285
6.04997 104.951 19.619 141.448 0.184404 148.674 -13.3847 112.177 SMV 0.693359
338.578 198.908 362.473 263.371 336.922 272.842 313.027 208.379 LMV 0.692871
620.878 108.09 631.497 133.914 556.122 164.91 545.503 139.086 LMV 0.683594
439.023 151.869 445.941 171.465 402.977 186.631 396.059 167.035 AFV 0.673828
460.148 202.168 467.611 223.311 424.352 238.582 416.889 217.439 AFV 0.667969
462.254 201.629 469.252 222.898 423.746 237.871 416.748 216.602 SMV 0.654297
12.7142 49.0138 28.2265 86.4253 3.66076 96.6112 -11.8515 59.1997 SMV 0.644043
480.564 255.222 488.137 276.675 443.936 292.278 436.363 270.825 SMV 0.642578
449.745 176.287 456.855 197.272 412.755 212.213 405.645 191.228 SMV 0.63916
470.89 228.816 477.995 248.394 433.11 264.684 426.005 245.106 SMV 0.620605
483.869 619.88 488.069 637.897 435.631 650.12 431.431 632.103 LMV 0.594238
480.765 254.412 489.304 275.768 444.735 293.588 436.196 272.232 AFV 0.584961
306.505 127.092 332.704 188.078 307.495 198.908 281.296 137.922 LMV 0.541992
427.354 124.637 433.942 145.267 392.146 158.613 385.558 137.983 SMV 0.536133
398.446 48.3712 405.817 68.4352 361.054 84.8788 353.683 64.8148 AFV 0.536133
448.749 176.905 456.39 198.152 412.751 213.845 405.11 192.598 AFV 0.508789
470.102 230.276 477.366 249.813 433.898 265.974 426.634 246.437 AFV 0.477539
438.242 151.44 445.051 171.602 400.758 186.56 393.949 166.398 SMV 0.447754
494.116 280.88 501.516 300.783 454.884 318.12 447.484 298.217 AFV 0.428223
392.042 429.875 401.595 451.874 354.958 472.125 345.405 450.126 SMV 0.425781
639.129 285.812 648.242 309.963 611.871 323.688 602.758 299.537 SMV 0.349609
175.489 210.448 185.701 232.821 122.761 261.552 112.549 239.179 LMV 0.281006
93.7314 453.233 104.173 495.59 81.1436 501.267 70.702 458.91 SMV 0.274902
398.551 48.2732 405.62 67.516 359.449 84.4768 352.38 65.234 SMV 0.270508
