134.201 176.041 151.294 284.895 112.674 290.959 95.5807 182.105 LMV 0.858887
55.1946 198.763 69.354 297.061 31.6804 302.487 17.521 204.189 LMV 0.855469
176.972 176.842 192.083 283.969 153.528 289.408 138.417 182.281 LMV 0.845215
614.963 113.141 628.616 218.069 586.037 223.609 572.384 118.681 LMV 0.832031
475.162 124.345 493.256 237.407 457.338 243.155 439.244 130.093 LMV 0.819824
406.094 123.813 414.109 241.728 366.906 244.937 358.891 127.022 LMV 0.784668
91.6617 189.053 108.99 285.255 71.8383 291.947 54.5096 195.745 LMV 0.784668
513.022 101.857 531.642 225.967 490.478 232.143 471.858 108.033 LMV 0.780762
292.532 156.565 306.74 260.977 268.468 266.185 254.26 161.773 LMV 0.769531
451.836 127.05 455.454 237.616 414.664 238.95 411.046 128.384 LMV 0.724121
213.114 167.037 228.488 275.263 191.886 280.463 176.512 172.237 LMV 0.716309
17.7627 196.719 26.6315 299.085 -1.60649 301.531 -10.4752 199.165 LMV 0.687012
247.598 156.86 260.45 251.302 224.902 256.14 212.05 161.698 LMV 0.581055
-0.25 557.375 39.375 557.375 39.375 591.625 -0.25 591.625 SMV 0.523926
2.25338 591.101 44.4946 595.784 40.9341 627.899 -1.30709 623.216 SMV 0.484375
308.243 453.373 311.682 493.068 241.757 499.127 238.318 459.432 AFV 0.460938
638.74 112.967 649.187 219.079 624.26 221.533 613.813 115.421 LMV 0.422852
-1.21165 516.513 31.5365 516.864 31.1648 551.487 -1.58333 551.136 SMV 0.386963
310.913 454.812 314.366 493.784 242.087 500.188 238.634 461.216 SMV 0.376709
569.704 519.816 573.512 546.625 520.296 554.184 516.488 527.375 SMV 0.310303
-0.799767 516.515 31.095 517.372 30.206 550.485 -1.68874 549.628 LMV 0.299561
