303.827 41.6703 309.182 62.3476 269.673 72.5797 264.318 51.9024 SMV 0.890625
122.801 42.5439 131.372 66.3778 70.3241 88.3311 61.7532 64.4972 LMV 0.861328
370.693 104.333 384.881 115.051 360.807 146.917 346.619 136.199 CV 0.858887
143.792 94.2586 149.877 116.245 86.2081 133.866 80.123 111.88 LMV 0.858887
135.163 70.4644 142.037 93.2141 79.3372 112.161 72.4628 89.4109 LMV 0.847168
80.7103 260.331 96.5522 324.595 71.9147 330.669 56.0728 266.405 LMV 0.817871
294.888 -2.60757 299.987 16.6182 256.612 28.1232 251.513 8.89738 SMV 0.75
32.301 293.146 44.0098 331.622 21.8865 338.354 10.1777 299.878 SMV 0.734375
637.241 255.673 645.095 282.516 551.759 309.827 543.905 282.984 LMV 0.726562
411.427 364.48 418.069 391.423 338.573 411.02 331.931 384.077 LMV 0.70459
561.11 317.101 569.478 341.255 509.89 361.899 501.522 337.745 LMV 0.671875
534.969 290.13 543.263 315.759 478.031 336.87 469.737 311.241 LMV 0.663574
544.547 1.05802 550.718 22.7764 508.453 34.7857 502.282 13.0674 SMV 0.651855
519.955 365.776 527.326 391.62 434.045 418.224 426.674 392.38 LMV 0.63623
611.763 332.685 619.951 357.987 526.237 388.315 518.049 363.013 LMV 0.625488
556.189 38.5082 560.605 54.3416 529.811 62.9293 525.395 47.0959 SMV 0.625
487.419 339.272 495.449 366.324 430.081 385.728 422.051 358.676 LMV 0.611328
637.253 292.75 645.24 320.856 578.747 339.75 570.76 311.644 LMV 0.583008
104.026 -0.319176 111.086 23.0437 63.2236 37.5067 56.1639 14.1438 LMV 0.439941
413.564 327.604 418.761 349.608 379.436 358.896 374.239 336.892 SMV 0.426514
107.402 -0.039032 113.113 21.1582 67.9729 33.3203 62.2618 12.1231 SMV 0.408691
8.16261 294.561 21.6113 348.214 -1.22901 353.939 -14.6777 300.286 CV 0.402344
454.415 313.491 460.977 334.98 421.585 347.009 415.023 325.52 SMV 0.401123
5.56667 286.472 18.6929 348.217 0.765363 352.028 -12.3608 290.283 LMV 0.396973
458.651 101.759 464.3 125.47 403.349 139.991 397.7 116.28 MCV 0.353516
150.536 243.378 160.863 294.661 138.714 299.122 128.387 247.839 LMV 0.347656
622.399 334.438 644.46 336.117 642.601 360.562 620.54 358.883 LMV 0.250488
