16.1906 134.075 33.9238 138.644 24.0594 176.925 6.32623 172.356 CV 0.916016
25.2409 171.554 44.1807 175.486 35.8841 215.446 16.9443 211.514 CV 0.90918
86.431 309.426 114.893 341.992 101.069 354.074 72.6073 321.508 CV 0.908203
9.55132 31.6712 36.8107 63.0458 23.1049 74.9538 -4.15444 43.5792 CV 0.902344
105.777 263.037 130.193 296.362 115.723 306.963 91.3071 273.638 CV 0.89502
147.445 395.047 165.923 398.898 157.055 441.453 138.577 437.602 CV 0.89502
9.0916 287.971 36.828 319.8 22.2209 332.529 -5.51554 300.7 CV 0.892578
111.277 303.179 137.49 334.134 123.098 346.321 96.885 315.366 CV 0.889648
66.5064 322.205 95.0488 351.812 82.6186 363.795 54.0762 334.188 CV 0.888672
126.396 251.283 155.427 284.927 140.604 297.717 111.573 264.073 CV 0.886719
90.6532 116.285 107.95 121.489 95.4718 162.965 78.1751 157.761 CV 0.886719
135.299 295.683 159.626 323.354 145.451 335.817 121.124 308.146 CV 0.883789
50.3744 171.294 68.5799 175.78 58.1881 217.956 39.9826 213.47 CV 0.87793
110.25 136.453 128.679 143.111 111 192.047 92.5715 185.389 CV 0.876953
81.5821 268.855 107.102 299.535 92.5429 311.645 67.023 280.965 CV 0.876953
123.875 398.104 141.694 400.649 136.375 437.896 118.556 435.351 CV 0.874023
36.583 27.9714 62.7885 56.7707 49.7295 68.6536 23.524 39.8543 CV 0.863281
168.739 -4.0979 181.037 44.5596 158.011 50.3792 145.713 1.72164 CV 0.858398
191.643 481.705 204.061 523.688 185.107 529.295 172.689 487.312 CV 0.849609
61.3841 15.2258 89.8605 52.6169 73.2409 65.2742 44.7645 27.8831 CV 0.848633
2.68068 173.104 20.5521 176.217 13.9443 214.146 -3.92712 211.033 CV 0.837891
138.973 -0.0259781 150.376 44.1833 130.027 49.4322 118.624 5.22298 CV 0.834961
88.7642 10.7484 111.002 42.2146 94.2358 54.0641 71.9976 22.5979 CV 0.806641
-0.649134 132.562 12.5691 134.98 6.58663 167.688 -6.63157 165.27 CV 0.784668
1.12098 52.9532 17.9987 76.1312 3.52355 86.6718 -13.3542 63.4938 CV 0.635254
-0.565313 374.788 6.9599 374.967 6.53797 392.712 -0.987247 392.533 CV 0.271729
