389.385 450.011 407.054 458.481 388.115 497.989 370.446 489.519 CV 0.918945
535.906 176.272 557.199 185.089 538.094 231.228 516.801 222.411 CV 0.912109
566.488 176.581 585.569 183.989 568.512 227.919 549.431 220.511 CV 0.901367
567.303 335.678 589.973 379.33 571.697 388.822 549.027 345.17 CV 0.900391
594.757 440.131 613.716 448.172 596.243 489.369 577.284 481.328 CV 0.898438
312.945 178.683 334.775 187.878 314.055 237.067 292.225 227.872 CV 0.894531
325.134 333.362 358.165 371.643 341.366 386.138 308.335 347.857 CV 0.894531
450.584 441.803 470.941 452.84 450.416 490.697 430.059 479.66 CV 0.886719
349.427 290.277 376.68 329.98 359.573 341.723 332.32 302.02 CV 0.885742
601.586 341.445 623.092 379.005 606.414 388.555 584.908 350.995 CV 0.883789
566.818 286.225 595.269 331.015 575.182 343.775 546.731 298.985 CV 0.878906
594.556 171.432 617.784 181.09 595.444 234.818 572.216 225.16 CV 0.875977
382.682 334.297 408.737 372.017 391.818 383.703 365.763 345.983 CV 0.864746
466.114 282.334 494.127 323.145 475.886 335.666 447.873 294.855 CV 0.845215
623.166 179.449 645.604 189.744 621.834 241.551 599.396 231.256 CV 0.832031
535.96 421.577 550.098 485.917 525.04 491.423 510.902 427.083 CV 0.795898
628.504 331.383 652.548 372.348 632.496 384.117 608.452 343.152 CV 0.769531
201.354 141.542 248.125 140.573 248.646 165.708 201.875 166.677 SMV 0.693848
510.516 102.652 514.264 154.078 489.984 155.848 486.236 104.422 SMV 0.643066
196.605 100.43 254.946 101.056 254.645 129.07 196.304 128.444 LMV 0.632324
425.888 155.576 426.034 95.982 453.612 96.0494 453.466 155.643 SMV 0.405029
483.973 102.662 486.556 155.004 459.527 156.338 456.944 103.996 SMV 0.402344
426.339 152.888 426.944 93.9531 454.661 94.2375 454.056 153.172 LMV 0.358154
197.196 42.9864 242.445 43.264 242.304 66.3886 197.055 66.111 SMV 0.337646
329.403 96.3216 331.613 168.163 298.597 169.178 296.387 97.3374 LMV 0.289551
194.024 71.1247 247.335 70.7976 247.476 93.7503 194.165 94.0774 SMV 0.279297
