539.051 313.336 570.844 320.371 556.949 383.164 525.156 376.129 SMV 0.945312
602.668 532.881 634.738 539.205 622.332 602.119 590.262 595.795 SMV 0.912109
124.696 499.391 185.506 515.616 178.304 542.609 117.494 526.384 CV 0.899414
457.028 293.826 491.639 304.064 472.972 367.174 438.361 356.936 SMV 0.886719
494.231 305.575 527.751 312.135 515.269 375.925 481.749 369.365 SMV 0.885742
583.168 45.56 616.706 56.2062 596.832 118.815 563.294 108.169 SMV 0.876953
416.139 276.285 448.531 286.515 429.361 347.215 396.969 336.985 SMV 0.875
567.128 525.104 599.005 534.449 581.872 592.896 549.995 583.551 SMV 0.867188
623.091 59.3024 655.208 69.1532 635.909 132.073 603.792 122.222 SMV 0.857422
138.314 466.877 200.079 484.575 192.186 512.123 130.421 494.425 CV 0.854004
148.547 432.353 222.278 451.294 213.453 485.647 139.722 466.706 CV 0.807617
442.116 496.371 476.045 502.954 463.884 565.629 429.955 559.046 SMV 0.802246
522.818 511.099 557.881 521.238 539.182 585.901 504.119 575.762 SMV 0.78418
485.617 503.087 518.187 513.374 499.383 572.913 466.813 562.626 SMV 0.775391
584.367 326.777 619.315 334.595 604.633 400.223 569.685 392.405 SMV 0.709473
518.261 -3.68973 552.32 -1.12584 550.739 19.8772 516.68 17.3133 SMV 0.681152
623.901 335.147 646.803 336.096 644.099 401.353 621.197 400.404 SMV 0.463867
591.351 -2.13047 626.731 1.46219 622.649 41.6617 587.269 38.0691 SMV 0.453613
627.667 551.321 646.833 553.82 640.333 603.679 621.167 601.18 SMV 0.311523
