472.816 221.137 531.989 350.77 484.684 372.363 425.511 242.73 LMV 0.912109
337.092 272.729 392.998 417.027 345.908 435.271 290.002 290.973 LMV 0.911133
153.833 381.619 210.642 519.77 164.167 538.881 107.358 400.73 LMV 0.905273
106.689 396.293 167.537 541.836 118.811 562.207 57.9633 416.664 LMV 0.896484
426.964 234.022 485.517 367.084 438.036 387.978 379.483 254.916 LMV 0.883789
383.937 266.988 435.706 402.967 393.563 419.012 341.794 283.033 LMV 0.882812
549.632 550.693 587.683 635.142 547.368 653.307 509.317 568.858 LMV 0.683594
590.302 525.029 626.92 604.223 590.698 620.971 554.08 541.777 SMV 0.638184
435.676 577.625 487.501 627.246 454.824 661.375 402.999 611.754 LMV 0.545898
591.93 530.571 628.951 609.025 592.07 626.429 555.049 547.975 LMV 0.461914
435.068 577.788 483.736 631.272 451.932 660.212 403.264 606.728 SMV 0.319092
373.329 618.118 409.666 617.449 410.171 644.882 373.834 645.551 LMV 0.285889
553.744 552.264 589.077 634.29 546.256 652.736 510.923 570.71 SMV 0.281006
