214.792 17.9144 218.782 37.3368 180.458 45.2106 176.468 25.7882 SMV 0.969727
241.646 87.2984 245.906 107.83 204.354 116.452 200.094 95.9201 SMV 0.946289
207.798 -6.24102 211.333 14.3008 173.452 20.8191 169.917 0.277295 SMV 0.931641
22.8977 489.763 42.214 493.727 33.696 535.237 14.3798 531.273 CV 0.928711
255.499 139.687 260.057 159.77 218.001 169.313 213.443 149.23 SMV 0.925781
221.386 38.3866 226.198 57.4284 189.114 66.8009 184.302 47.7591 SMV 0.923828
17.6409 342.404 44.1934 372.695 30.0466 385.096 3.49414 354.805 CV 0.917969
235.139 61.0325 240.275 81.5236 198.111 92.0925 192.975 71.6014 SMV 0.916992
11.2995 443.363 30.1292 445.655 25.2005 486.137 6.37077 483.845 CV 0.910156
247.53 113.482 251.716 135.143 210.97 143.018 206.784 121.357 SMV 0.90918
549.729 103.195 555.885 124.544 517.271 135.68 511.115 114.331 SMV 0.90625
56.0671 466.669 76.4292 470.235 68.1829 517.331 47.8208 513.765 CV 0.896484
82.5005 465.578 101.569 468.437 95.4995 508.922 76.4313 506.063 CV 0.894531
12.9579 201.516 31.4612 204.348 25.8546 240.984 7.35131 238.152 CV 0.890625
526.901 191.234 531.695 211.984 492.599 221.016 487.805 200.266 SMV 0.890625
23.8698 593.674 52.0652 622.922 38.1614 636.326 9.96605 607.078 CV 0.886719
39.644 443.417 56.748 446.969 48.731 485.583 31.627 482.031 CV 0.884766
401.423 92.2775 407.201 115.137 341.577 131.723 335.799 108.863 LMV 0.883789
8.17341 302.81 35.0952 332.309 22.0766 344.19 -4.84517 314.691 CV 0.882812
32.3925 295.262 60.5475 323.763 47.92 336.238 19.765 307.737 CV 0.879883
393.074 69.4161 397.872 91.9898 333.926 105.584 329.128 83.0102 LMV 0.865723
45.5116 335.344 74.3719 364.816 60.2384 378.656 31.3781 349.184 CV 0.861328
48.5664 583.88 75.3351 612.671 60.8711 626.12 34.1024 597.329 CV 0.854004
423.242 188.64 429.414 214.106 359.258 231.11 353.086 205.644 LMV 0.836914
0.746279 488.363 19.0972 491.546 11.449 535.637 -6.90193 532.454 CV 0.836914
441.831 233.761 447.615 260.837 373.169 276.739 367.385 249.663 LMV 0.834961
2.43157 355.661 24.2992 385.508 8.83406 396.839 -13.0336 366.992 CV 0.829102
536.787 236.519 543.138 257.386 504.213 269.231 497.862 248.364 SMV 0.810059
374.394 -2.72244 380.481 22.3941 300.606 41.7537 294.519 16.6371 LMV 0.800781
582.528 -8.26049 602.038 47.3541 576.472 56.323 556.962 0.708431 LMV 0.775391
0.355759 163.304 15.743 164.891 11.9489 201.696 -3.43828 200.109 CV 0.775391
-1.40213 443.694 10.691 444.931 7.01932 480.806 -5.07376 479.569 CV 0.740234
548.22 -5.78765 566.825 56.8842 541.78 64.3189 523.175 1.64704 LMV 0.67334
4.20224 604.49 18.2496 628.585 2.94229 637.51 -11.105 613.415 CV 0.666016
-0.177802 204.876 9.69047 206.047 6.2403 235.124 -3.62797 233.953 CV 0.62207
567.619 57.7858 576.074 94.3843 551.381 100.089 542.926 63.4907 SMV 0.572266
598.165 49.7567 617.843 118.755 589.835 126.743 570.157 57.7447 SMV 0.541016
353.115 386.896 359.703 412.435 285.385 431.604 278.797 406.065 LMV 0.452637
598.639 51.3822 615.805 118.471 588.361 125.493 571.195 58.4039 LMV 0.413574
-2.15594 322.658 17.2944 336.178 7.44891 350.342 -12.0014 336.822 CV 0.385498
259.754 162.026 264.647 181.386 223.746 191.724 218.853 172.364 SMV 0.328857
586.786 123.277 603.397 177.672 576.214 185.973 559.603 131.578 SMV 0.297363
