133.13 477.876 154.204 480.344 149.37 521.624 128.296 519.156 CV 0.921875
181.629 481.236 201.301 482.99 197.621 524.264 177.949 522.51 CV 0.917969
205.805 484.03 226.229 485.961 222.445 525.97 202.021 524.039 CV 0.90918
337.546 357.127 356.995 359.858 350.954 402.873 331.505 400.142 CV 0.908203
357.712 362.674 378.281 364.572 374.288 407.826 353.719 405.928 CV 0.90625
227.896 488.199 248.618 489.758 245.604 529.801 224.882 528.242 CV 0.905273
431.519 613.733 436.035 632.606 391.481 643.267 386.965 624.394 CV 0.892578
439.929 565.645 442.218 585.34 399.071 590.355 396.782 570.66 CV 0.886719
21.4328 544.713 48.0176 547.682 41.4734 606.287 14.8887 603.318 CV 0.886719
436.577 589.324 439.789 607.988 400.923 614.676 397.711 596.012 CV 0.87207
317.592 354.443 335.294 357.527 328.408 397.057 310.706 393.973 CV 0.864746
252.217 543.523 286.989 545.766 285.783 564.477 251.011 562.234 CV 0.789062
210.243 338.709 232.94 341.155 228.507 382.291 205.81 379.845 CV 0.53125
140.783 114.96 202.286 119.307 200.467 145.04 138.964 140.693 CV 0.261719
