319.788 318.929 344.035 318.576 344.712 365.071 320.465 365.424 CV 0.893555
286.314 307.079 292.197 365.66 269.686 367.921 263.803 309.34 CV 0.883789
265.259 317.578 268.536 370.351 243.241 371.922 239.964 319.149 CV 0.876953
337.963 199.464 365.055 199.194 365.537 247.536 338.445 247.806 CV 0.863281
577.402 311.292 580.675 363.189 556.598 364.708 553.325 312.811 CV 0.834961
607.185 299.682 611.151 363.559 582.815 365.318 578.849 301.441 CV 0.832031
259.229 197.018 284.176 196.463 285.271 245.732 260.324 246.287 CV 0.824219
575.983 197.784 599.786 197.109 601.017 240.466 577.214 241.141 CV 0.736328
492.988 1.22663 537.236 1.63377 537.012 25.9452 492.764 25.5381 MCV 0.322021
494.799 0.903321 539.544 1.52092 539.201 26.3936 494.455 25.776 LMV 0.304199
