400.493 222.618 426.564 299.571 403.507 307.382 377.436 230.429 LMV 0.833496
444.852 179.245 487.095 311.539 462.148 319.505 419.905 187.211 LMV 0.800293
205.921 260.578 245.389 384.18 219.579 392.422 180.111 268.82 LMV 0.772949
347.713 237.042 373.104 328.781 350.787 334.958 325.396 243.219 LMV 0.769043
376.339 228.817 400.523 318.229 376.661 324.683 352.477 235.271 LMV 0.762207
421.221 193.806 458.747 309.761 435.779 317.194 398.253 201.239 LMV 0.760742
316.582 230.604 365.595 385.142 336.418 394.396 287.405 239.858 LMV 0.751953
498.073 171.711 545.41 306.648 517.927 316.289 470.59 181.352 LMV 0.75
572.34 146.816 634.529 282.355 607.66 294.684 545.471 159.145 LMV 0.724121
472.194 173.911 522.402 319.761 495.306 329.089 445.098 183.239 LMV 0.697266
571.732 351.479 594.313 420.11 570.268 428.021 547.687 359.39 LMV 0.659668
525.597 171.671 555.569 255.274 532.403 263.579 502.431 179.976 LMV 0.654297
271.962 254.7 303.708 377.281 278.538 383.8 246.792 261.219 LMV 0.640625
598.494 127.132 655.795 267.648 629.506 278.368 572.205 137.852 LMV 0.630371
548.306 159.62 600.143 299.046 573.694 308.88 521.857 169.454 LMV 0.606445
234.784 255.379 266.523 373.178 244.466 379.121 212.727 261.322 LMV 0.537109
629.999 125.018 659.282 190.521 637.001 200.482 607.718 134.979 LMV 0.477539
427.911 221.593 492.495 371.525 462.589 384.407 398.005 234.475 LMV 0.435059
501.818 182.591 522.357 248.463 501.682 254.909 481.143 189.037 LMV 0.354492
609.343 615.9 631.257 625.531 622.657 645.1 600.743 635.469 SMV 0.349609
545.993 157.23 584.457 260.686 558.007 270.52 519.543 167.064 LMV 0.312012
466.267 183.137 497.937 274.557 479.733 280.863 448.063 189.443 LMV 0.272461
523.396 629.809 540.951 630.321 540.604 642.191 523.049 641.679 SMV 0.270996
322.871 248.141 341.049 320.067 318.129 325.859 299.951 253.933 LMV 0.250488
