424.172 165.402 428.993 188.083 374.828 199.598 370.007 176.917 MCV 0.858398
208.954 501.901 310.302 504.233 309.546 537.099 208.198 534.767 LMV 0.857422
460.342 228.506 469.876 255.098 394.158 282.244 384.624 255.652 MCV 0.832031
323.323 570.006 330.686 595.17 211.677 629.994 204.314 604.83 LMV 0.610352
-1.86804 419.348 51.6323 422.511 50.0868 448.652 -3.41355 445.489 MCV 0.561035
350.8 320.562 378.158 322.432 377.2 336.438 349.842 334.568 CV 0.487305
182.911 370.759 211.145 376.016 208.589 389.741 180.355 384.484 CV 0.401123
428.334 129.107 433.357 152.735 376.166 164.893 371.143 141.265 MCV 0.390625
61.0013 539.423 68.3983 568.69 -2.37631 586.577 -9.77326 557.31 MCV 0.374023
494.37 506.143 506.623 534.975 375.13 590.857 362.877 562.025 LMV 0.301514
