104.022 254.899 143.788 260.702 141.103 279.101 101.337 273.298 CV 0.943359
133.714 106.811 173.21 112.732 170.536 130.564 131.04 124.643 CV 0.94043
96.7566 278.955 138.079 285.734 134.993 304.545 93.6707 297.766 CV 0.939453
117.589 205.899 154.684 211.399 151.911 230.101 114.816 224.601 CV 0.926758
95.3056 305.275 134.303 309.719 132.194 328.225 93.1968 323.781 CV 0.925781
104.408 229.315 149.469 235.151 146.842 255.435 101.781 249.599 CV 0.912109
126.376 132.007 162.448 137.581 159.874 154.243 123.802 148.669 CV 0.912109
118.931 182.864 155.842 187.127 153.819 204.636 116.908 200.373 CV 0.910156
30.9136 162.652 34.6051 179.934 -1.27296 187.598 -4.96452 170.316 CV 0.904297
54.7872 87.2066 59.6578 104.096 19.9628 115.543 15.0922 98.6536 CV 0.900391
66.3366 41.9281 70.1992 58.4995 34.2259 66.8844 30.3633 50.313 CV 0.895508
37.7197 139.131 41.0309 155.248 5.15525 162.619 1.84409 146.502 CV 0.888672
45.2343 117.724 47.7309 133.623 11.7345 139.276 9.23788 123.377 CV 0.876953
26.4584 189.041 29.3068 205.309 -1.53649 210.709 -4.38492 194.441 CV 0.874023
21.5034 210.046 24.8331 226.748 -2.53464 232.204 -5.86434 215.502 CV 0.84375
22.8862 241.124 27.4751 257.703 -1.15182 265.626 -5.74069 249.047 CV 0.833496
