568.148 378.72 590.044 380.859 585.852 423.78 563.956 421.641 CV 0.925781
532.248 482.044 547.358 489.415 530.752 523.456 515.642 516.085 CV 0.918945
525.977 359.035 547.43 359.216 547.023 407.465 525.57 407.284 CV 0.917969
509.412 468.014 523.68 474.974 507.088 508.986 492.82 502.026 CV 0.908203
323.437 353.28 338.567 362.35 318.563 395.72 303.433 386.65 CV 0.904297
456.808 430.023 472.366 440.262 449.192 475.477 433.634 465.238 CV 0.899414
614.309 413.359 634.903 413.454 634.691 459.641 614.097 459.546 CV 0.888672
366.991 268.767 385.515 269.278 384.509 305.733 365.985 305.222 CV 0.879883
451.458 473.986 470.067 484.342 446.042 527.514 427.433 517.158 CV 0.864746
610.998 35.2026 646.305 54.1343 637.002 71.4849 601.695 52.5532 CV 0.861328
333.919 417.286 348.554 426.118 328.581 459.214 313.946 450.382 CV 0.861328
615.155 368.671 636.03 368.767 635.845 408.829 614.97 408.733 CV 0.786133
411.845 143.011 421.026 159.682 384.155 179.989 374.974 163.318 CV 0.762695
575.669 186.113 583.212 201.208 549.331 218.137 541.788 203.042 CV 0.758789
199.693 548.11 205.636 564.686 168.807 577.89 162.864 561.314 CV 0.741699
631.028 278.021 646.199 283.712 638.972 302.979 623.801 297.288 CV 0.65625
159.975 526.698 201.266 528.028 200.775 543.302 159.484 541.972 CV 0.48877
594.917 408.426 612.539 408.75 612.083 433.574 594.461 433.25 CV 0.450684
