286.497 203.64 297.345 223.066 261.003 243.36 250.155 223.934 SMV 0.910156
271.321 171.761 280.721 192.513 239.929 210.989 230.529 190.237 SMV 0.898438
294.613 245.395 305.983 267.132 265.887 288.105 254.517 266.368 SMV 0.875977
200.14 28.7577 211.727 53.8179 148.36 83.1173 136.773 58.0571 LMV 0.803223
400.659 400.203 411.634 425.145 353.341 450.797 342.366 425.855 LMV 0.775391
250.249 136.539 262.941 159.266 212.001 187.711 199.309 164.984 SMV 0.759277
159.764 134.115 172.001 158.428 111.986 188.635 99.7492 164.322 LMV 0.727051
227.348 95.2791 241.408 117.224 188.152 151.346 174.092 129.401 LMV 0.726562
87.3812 -18.1453 99.1009 4.74799 42.7438 33.5985 31.0241 10.7051 LMV 0.720215
354.455 318.062 368.109 341.535 311.545 374.438 297.891 350.965 LMV 0.703125
319.614 276.413 335.34 298.572 283.886 335.087 268.16 312.928 LMV 0.695312
413.758 436.771 424.383 459.401 367.242 486.229 356.617 463.599 LMV 0.692871
180.064 -15.8888 189.904 5.94987 130.186 32.8575 120.346 11.0189 LMV 0.663574
115.081 18.972 128.661 41.6004 75.0442 73.778 61.464 51.1496 LMV 0.603516
382.652 361.701 394.658 386.268 339.348 413.299 327.342 388.732 LMV 0.510254
211.873 54.5594 225.122 80.882 169.127 109.066 155.878 82.743 AFV 0.385498
383.553 360.778 395.053 383.187 339.447 411.722 327.947 389.313 SMV 0.331787
212.088 56.4164 224.213 81.4119 166.912 109.209 154.787 84.2131 SMV 0.317139
