576.269 7.46918 625.349 10.7092 623.731 35.2183 574.651 31.9783 SMV 0.970703
574.072 40.2244 619.544 45.7946 616.928 67.1506 571.456 61.5804 SMV 0.951172
274.703 592.176 327.559 599.599 324.297 622.824 271.441 615.401 CV 0.942383
81.9231 146.441 110.312 149.854 103.827 203.809 75.4375 200.396 SMV 0.9375
278.232 562.168 329.816 570.869 325.268 597.832 273.684 589.131 CV 0.931641
336.593 186.96 363.335 190.071 357.407 241.04 330.665 237.929 SMV 0.929688
188.834 447.883 238.904 452.813 236.166 480.617 186.096 475.687 CV 0.912109
111.384 154.416 138.141 157.091 132.991 208.584 106.234 205.909 SMV 0.911133
305.567 183.87 332.422 185.974 328.433 236.88 301.578 234.776 SMV 0.904297
364.837 195.208 390.022 197.006 386.663 244.042 361.478 242.244 SMV 0.902344
245.118 175.592 272.694 176.565 270.882 227.908 243.306 226.935 SMV 0.896484
137.82 157.989 164.529 159.465 161.68 211.011 134.971 209.535 SMV 0.878906
189.796 166.851 220.601 167.536 219.454 219.149 188.649 218.464 SMV 0.867188
168.271 113.2 195.269 113.49 194.729 163.8 167.731 163.51 SMV 0.860352
278.293 620.165 328.028 625.602 325.707 646.835 275.972 641.398 CV 0.831543
