477.817 443.405 515.425 461.536 507.683 477.595 470.075 459.464 CV 0.923828
344.285 464.522 382.116 479.242 375.215 496.978 337.384 482.258 CV 0.911133
604.075 571.456 645.706 588.208 637.925 607.544 596.294 590.792 CV 0.908203
298.841 567.573 334.68 575.706 330.659 593.427 294.82 585.294 CV 0.905273
370.424 402.509 404.743 417.932 397.076 434.991 362.757 419.568 CV 0.902344
384.089 384.003 417.347 400.358 409.411 416.497 376.153 400.142 CV 0.896484
616.404 356.486 647.655 375.345 637.596 392.014 606.345 373.155 CV 0.896484
365.128 427.164 398.846 440.645 392.372 456.836 358.654 443.355 CV 0.89502
353.346 446.417 388.588 460.628 382.154 476.583 346.912 462.372 CV 0.889648
526.479 363.112 559.517 384.303 549.521 399.888 516.483 378.697 CV 0.884766
551.832 452.595 593.38 468.181 586.168 487.405 544.62 471.819 CV 0.883789
538.438 343.08 571.65 367.067 560.562 382.42 527.35 358.433 CV 0.880859
332.286 486.256 368.349 498.132 362.714 515.244 326.651 503.368 CV 0.879883
439.647 286.067 479.565 305.805 470.353 324.433 430.435 304.695 CV 0.87793
409.016 347.169 444.262 364.299 435.984 381.331 400.738 364.201 CV 0.876953
561.46 300.275 602.252 327.983 590.54 345.225 549.748 317.517 CV 0.876953
572.301 408.035 611.372 429.853 600.699 448.965 561.628 427.147 CV 0.857422
554.53 326.199 585.844 347.672 575.47 362.801 544.156 341.328 CV 0.833496
598.329 598.876 635.214 612.836 628.671 630.124 591.786 616.164 CV 0.819824
395.539 366.281 426.449 382.43 418.461 397.719 387.551 381.57 CV 0.784668
630.395 507.742 642.67 508.477 641.605 526.258 629.33 525.523 CV 0.443359
617.711 239.85 651.624 269.286 638.289 284.65 604.376 255.214 CV 0.347656
618.806 557.679 644.858 565.233 640.194 581.321 614.142 573.767 CV 0.256592
