310.53 142.707 337.18 191.319 313.97 204.043 287.32 155.431 AFV 0.870117
271.775 158.208 298.146 204.685 273.725 218.542 247.354 172.065 AFV 0.868164
391.472 126.652 412.564 180.311 387.028 190.348 365.936 136.689 AFV 0.848633
242.98 178.836 271.527 231.397 248.02 244.164 219.473 191.603 AFV 0.823242
425.98 112.192 450.062 165.779 425.52 176.808 401.438 123.221 AFV 0.821289
347.937 127.64 368.823 181.548 341.563 192.11 320.677 138.202 AFV 0.816406
202.388 203.192 231.107 253.691 209.362 266.058 180.643 215.559 AFV 0.794434
30.219 32.5769 56.9752 101.637 30.7497 111.798 3.99351 42.7375 SMV 0.580078
155.59 228.927 173.692 286 146.66 294.573 128.558 237.5 AFV 0.523438
31.06 283.296 59.075 338.955 32.7525 352.204 4.7375 296.545 AFV 0.519531
31.0799 38.6965 56.9475 100.569 30.0763 111.804 4.20877 49.9307 LMV 0.49707
7.7324 294.251 27.8116 352.579 1.17385 361.749 -18.9053 303.421 AFV 0.308105
