369.472 104.185 391.442 112.347 373.528 160.565 351.558 152.403 CV 0.912109
202.367 160.711 226.736 171.82 202.133 225.789 177.764 214.68 CV 0.912109
474.074 65.2547 495.247 73.7029 476.926 119.62 455.753 111.172 CV 0.912109
76.1615 361.12 98.4045 369.445 80.0885 418.38 57.8455 410.055 CV 0.895508
128.505 425.361 151.101 435.836 128.245 485.139 105.649 474.664 CV 0.874023
233.351 -7.53256 254.929 0.562239 238.399 44.6263 216.821 36.5315 CV 0.874023
304.57 24.1637 326.681 33.6177 305.93 82.1488 283.819 72.6948 CV 0.87207
347.927 236.979 380.779 251.235 299.073 439.521 266.221 425.265 CV 0.863281
263.062 346.306 286.255 355.679 265.438 407.194 242.245 397.821 CV 0.823242
319.365 309.376 351.232 322.919 276.135 499.624 244.269 486.081 CV 0.692871
338.96 272.563 371.754 288.156 281.04 478.937 248.246 463.344 CV 0.410645
-2.18986 516.824 26.9574 520.599 24.0336 543.176 -5.11362 539.401 CV 0.252686
