106.043 120.091 120.274 140.607 79.8319 168.659 65.601 148.143 SMV 0.908203
601.018 321.326 619.121 341.104 576.982 379.674 558.879 359.896 CV 0.904297
146.483 171.355 162.046 191.791 122.517 221.895 106.954 201.459 SMV 0.898438
560.276 264.538 576.45 287.259 534.724 316.962 518.55 294.241 CV 0.897461
579.756 298.808 595.519 319.051 554.244 351.192 538.481 330.949 CV 0.895508
68.8257 65.7773 84.0109 87.5332 42.5493 116.473 27.3641 94.7168 SMV 0.890625
46.6467 37.806 64.1351 58.5815 24.3533 92.069 6.86494 71.2935 SMV 0.888672
84.9827 88.8796 102.28 109.612 60.7673 144.245 43.4705 123.513 SMV 0.886719
127.783 141.409 144.936 164.092 100.967 197.341 83.8144 174.658 SMV 0.880859
135.012 440.777 172.508 481.865 153.488 499.223 115.992 458.135 SMV 0.823242
32.2734 376.742 51.8412 399.42 9.72662 435.758 -9.84118 413.08 SMV 0.740723
163.884 191.779 179.915 209.45 141.866 243.971 125.835 226.3 SMV 0.71875
29.4431 605.03 70.2492 636.551 52.9319 658.97 12.1258 627.449 SMV 0.558105
55.226 586.792 90.8516 621.339 73.524 639.208 37.8984 604.661 SMV 0.476562
