248.626 132.139 261.802 144.991 234.374 173.111 221.198 160.259 CV 0.928711
234.068 118.346 246.214 129.629 220.182 157.654 208.036 146.371 CV 0.917969
214.203 106.221 227.434 118.655 200.297 147.529 187.066 135.095 CV 0.912109
171.489 123.439 185.297 136.986 157.261 165.561 143.453 152.014 CV 0.90918
421.95 333.69 436.02 346.012 409.05 376.81 394.98 364.488 CV 0.908203
405.252 316.016 420.425 328.463 393.748 360.984 378.575 348.537 CV 0.901367
269.071 207.92 283.179 219.174 256.929 252.08 242.821 240.826 CV 0.901367
104.335 64.2982 118.903 75.8028 93.4146 108.077 78.8471 96.5722 CV 0.898438
240.497 179.351 253.002 191.324 228.753 216.649 216.248 204.676 CV 0.897461
180.946 75.6003 195.81 86.6929 172.054 118.525 157.19 107.432 CV 0.89502
341.058 397.962 355.193 411.912 326.942 440.538 312.807 426.588 CV 0.89502
441.069 349.635 454.557 361.342 428.931 390.865 415.443 379.158 CV 0.886719
279.02 26.1154 293.673 38.0635 267.98 69.5721 253.327 57.624 CV 0.884766
464.318 314.791 477.905 324.931 455.682 354.709 442.095 344.569 CV 0.883789
190.778 138.427 203.255 151.938 175.222 177.823 162.745 164.312 CV 0.883789
315.826 188.051 329.872 201.008 303.174 229.949 289.128 216.992 CV 0.882812
440.447 275.445 456.224 288.387 426.553 324.555 410.776 311.613 CV 0.880859
154.596 115.047 166.201 126.466 139.154 153.953 127.549 142.534 CV 0.87793
480.788 326.026 496.142 336.347 474.212 368.974 458.858 358.653 CV 0.869141
287.933 222.789 303.09 234.58 279.067 265.461 263.91 253.67 CV 0.867188
141.976 94.1785 155.477 106.036 130.524 134.446 117.023 122.589 CV 0.863281
252.004 -5.23912 267.063 7.58833 241.246 37.8954 226.187 25.0679 CV 0.861328
320.612 381.725 334.934 395.438 305.888 425.775 291.566 412.062 CV 0.860352
546.188 431.697 559.983 443.332 536.812 470.803 523.017 459.168 CV 0.858398
419.542 267.434 433.016 278.698 405.958 311.066 392.484 299.802 CV 0.855469
122.493 82.6095 135.959 94.5068 110.882 122.891 97.4158 110.993 CV 0.850586
445.952 81.8137 462.048 117.817 443.048 126.311 426.952 90.3079 CV 0.847168
199.614 89.5582 212.829 101.455 187.636 129.442 174.421 117.545 CV 0.845215
285.833 157.465 298.462 171.048 269.167 198.285 256.538 184.702 CV 0.830078
505.571 207.382 518.958 218.507 496.429 245.618 483.042 234.493 CV 0.774414
527.573 419.972 541.361 431.567 517.427 460.028 503.639 448.433 CV 0.774414
222.838 -12.3672 238.271 -1.07146 221.162 22.3047 205.729 11.009 CV 0.729004
300.577 175.031 312.931 188.036 286.423 213.219 274.069 200.214 CV 0.729004
300.345 243.752 313.956 254.851 293.655 279.748 280.044 268.649 CV 0.412842
480.279 194.033 493.21 203.615 475.721 227.217 462.79 217.635 CV 0.356201
