602.741 164.739 625.708 164.95 625.259 213.761 602.292 213.55 CV 0.914062
499.844 210.077 523.031 210.237 522.656 264.673 499.469 264.513 CV 0.892578
64.6536 448.178 86.487 448.848 84.8464 502.322 63.013 501.652 CV 0.876953
142.223 416.28 164.972 416.036 165.527 467.72 142.778 467.964 CV 0.870605
241.59 347.912 265.809 347.745 266.16 398.588 241.941 398.755 CV 0.865723
370.234 280.702 395.432 281.727 392.766 347.298 367.568 346.273 CV 0.862305
139.775 486.782 161.4 486.749 161.475 535.218 139.85 535.251 CV 0.861328
415.886 250.284 442.603 250.53 442.114 303.716 415.397 303.47 CV 0.860352
162.728 591.28 207.092 609.929 198.772 629.72 154.408 611.071 CV 0.859863
152.602 57.9306 178.155 102.356 160.398 112.569 134.845 68.1439 CV 0.853027
548.035 168.426 573.863 168.386 573.965 234.324 548.137 234.364 CV 0.851562
280.596 194.427 306.603 233.201 288.904 245.073 262.897 206.299 CV 0.851562
319.875 312.594 344.125 312.594 344.125 363.406 319.875 363.406 CV 0.849609
575.07 170.748 599.194 170.878 598.93 220.002 574.806 219.872 CV 0.847168
90.1059 440.796 112.475 441.311 111.269 493.704 88.9001 493.189 CV 0.842773
442.876 237.286 469.679 236.608 471.124 293.714 444.321 294.392 CV 0.839355
194.885 387.474 218.096 386.886 219.365 437.026 196.154 437.614 CV 0.837891
319.437 374.753 342.447 374.259 343.563 426.247 320.553 426.741 CV 0.836914
141.078 610.383 187.919 632.53 178.422 652.617 131.581 630.47 CV 0.835938
134.654 323.032 144.896 342.202 105.096 363.468 94.8537 344.298 CV 0.833496
293.782 385.824 316.401 385.286 317.718 440.676 295.099 441.214 CV 0.830078
36.45 382.664 46.6998 401.847 3.67505 424.836 -6.57485 405.653 CV 0.828613
266.743 331.758 291.116 331.496 291.757 391.242 267.384 391.504 CV 0.819336
598.069 221.605 625.986 221.091 626.931 272.395 599.014 272.909 CV 0.818359
176.173 188.051 208.343 244.748 185.077 257.949 152.907 201.252 CV 0.81543
187.899 296.602 198.32 315.265 155.101 339.398 144.68 320.735 CV 0.814453
173.984 43.1878 196.438 82.7612 180.266 91.9372 157.812 52.3638 CV 0.80957
365.956 357.947 390.76 357.319 392.044 408.053 367.24 408.681 CV 0.804688
165.778 469.219 188.932 468.971 189.472 519.281 166.318 519.529 CV 0.802246
266.306 402.234 293.918 401.387 295.694 459.266 268.082 460.113 CV 0.794434
215.936 441.749 239.136 441.322 240.064 491.751 216.864 492.178 CV 0.786133
344.313 364.539 366.805 363.918 368.187 413.961 345.695 414.582 CV 0.771484
169.867 399.69 192.888 399.019 194.383 450.31 171.362 450.981 CV 0.753418
573.801 246.355 596.481 246.911 595.199 299.145 572.519 298.589 CV 0.746094
629.344 212.737 640.086 212.325 641.656 253.263 630.914 253.675 CV 0.738281
471.74 230.331 496.007 229.511 497.76 281.419 473.493 282.239 CV 0.699219
517.094 407.669 557.185 439.141 542.906 457.331 502.815 425.859 CV 0.692871
393.417 339.346 415.961 338.447 418.083 391.654 395.539 392.553 CV 0.686035
38.6888 472.377 61.9634 471.824 63.1237 520.623 39.8491 521.176 CV 0.666504
251.766 409.649 277.788 437.555 251.734 461.851 225.712 433.945 CV 0.646484
500.106 278.952 525.105 279.048 524.894 334.048 499.895 333.952 CV 0.646484
470.641 300.976 499.698 300.441 500.859 363.524 471.802 364.059 CV 0.638184
527.018 266.057 554.595 266.353 553.982 323.443 526.405 323.147 CV 0.630371
535.198 385.12 585.347 413.124 571.802 437.38 521.653 409.376 CV 0.630371
