67.4246 193.681 109.177 211.125 101.575 229.319 59.8229 211.875 CV 0.923828
73.226 437.809 120.867 456.013 112.774 477.191 65.1335 458.987 CV 0.912109
152.289 17.9588 196.401 33.6279 189.461 53.1662 145.349 37.4971 CV 0.908203
264.837 43.6757 312.54 62.7494 304.163 83.6993 256.46 64.6256 CV 0.890625
78.1291 155.344 122.311 168.59 116.371 188.406 72.1885 175.16 CV 0.882812
113.309 356.398 159.104 371.789 151.941 393.102 106.146 377.711 CV 0.876953
156.125 284.249 196.765 298.394 190.375 316.751 149.735 302.606 CV 0.870605
63.9597 462.15 109.203 479.274 101.415 499.85 56.1723 482.726 CV 0.870117
146.533 305.78 187.273 320.206 180.717 338.72 139.977 324.294 CV 0.868164
21.1742 134.311 77.2439 151.644 69.8883 175.439 13.8186 158.106 CV 0.734375
-2.43496 261.816 15.7217 262.875 14.5365 283.184 -3.62009 282.125 CV 0.700684
505.242 236.242 596.22 341.993 569.758 364.758 478.78 259.007 LMV 0.521484
221.095 335.759 259.058 337.448 258.155 357.741 220.192 356.052 CV 0.295898
-1.06038 424.868 8.43134 424.774 8.65413 447.132 -0.837591 447.226 CV 0.273926
