198.516 7.63509 221.243 8.19285 219.984 59.4899 197.257 58.9321 CV 0.9375
244.429 8.59144 267.739 8.91318 267.071 57.3461 243.761 57.0243 CV 0.919922
340.457 13.1652 359.73 13.7271 358.543 54.4598 339.27 53.8979 CV 0.914062
406.785 8.86609 428.481 9.43166 427.215 58.0089 405.519 57.4433 CV 0.911133
545.28 13.1454 567.418 13.4849 566.72 58.9796 544.582 58.6401 CV 0.908203
592.58 70.6595 612.512 71.1027 611.42 120.216 591.488 119.772 CV 0.89502
316.073 9.92298 337.648 10.2703 336.927 55.077 315.352 54.7297 CV 0.894531
592.404 176.514 615.338 176.866 614.596 225.236 591.662 224.884 CV 0.894531
536.42 179.516 556.951 179.673 556.58 227.984 536.049 227.827 CV 0.893555
496.992 7.60629 519.208 7.93006 518.508 55.9875 496.292 55.6637 CV 0.886719
617.029 74.2059 636.93 74.6485 635.971 117.794 616.07 117.352 CV 0.883789
615.949 18.6253 636.479 18.8142 636.051 65.3122 615.521 65.1233 CV 0.880859
570.053 12.4135 591.016 12.8796 589.947 60.9615 568.984 60.4954 CV 0.87793
545.277 65.0207 564.526 64.9174 564.723 101.604 545.474 101.708 CV 0.874023
505.184 178.84 527.494 179.165 526.816 225.66 504.506 225.335 CV 0.873047
593.709 20.3666 614.459 20.4462 614.291 64.2584 593.541 64.1788 CV 0.87207
81.8037 4.16467 105.428 4.27336 105.196 54.7416 81.5715 54.6329 CV 0.870605
476.666 171.353 500.04 171.21 500.334 219.147 476.96 219.29 CV 0.869141
153.625 5.58904 175.746 6.01304 174.875 51.411 152.754 50.987 CV 0.861328
559.456 424.128 560.992 500.863 535.544 501.372 534.008 424.637 MCV 0.845215
562.496 175.592 585.871 175.753 585.504 228.908 562.129 228.747 CV 0.842285
106.49 53.5153 126.297 53.0293 127.385 97.3597 107.578 97.8457 CV 0.839844
7.38367 433.774 30.3832 433.633 30.6476 476.726 7.64801 476.867 SMV 0.757812
230.024 435.553 252.139 434.874 253.476 478.447 231.361 479.126 SMV 0.755371
268.766 435.575 291.292 435.091 292.234 478.925 269.708 479.409 SMV 0.724121
191.616 435.107 215.457 434.742 216.134 478.893 192.293 479.258 SMV 0.710938
128.247 432.619 152.544 432.507 152.753 477.881 128.456 477.993 SMV 0.70752
421.015 431.002 447.385 431.507 446.485 478.498 420.115 477.993 SMV 0.652344
381.141 431.401 407.328 431.381 407.359 472.099 381.172 472.119 SMV 0.460449
80.7361 430.953 103.821 430.315 105.139 478.047 82.054 478.685 SMV 0.455566
461.539 435.385 486.582 435.808 485.961 472.615 460.918 472.192 MCV 0.311523
307.492 436.092 330.288 436.284 330.008 469.408 307.212 469.216 SMV 0.258789
341.386 434.433 369.412 433.917 370.114 472.067 342.088 472.583 SMV 0.250977
