546.011 604.143 587.612 607.66 585.989 626.857 544.388 623.34 CV 0.895508
1.70074 224.369 34.5809 225.68 33.7055 247.631 0.82539 246.32 SMV 0.882812
119.12 531.302 146.552 532.375 143.88 600.698 116.448 599.625 LMV 0.878906
1.44506 199.372 34.1499 200.325 33.4924 222.878 0.787586 221.925 SMV 0.867188
0.369415 403.934 38.649 404.286 38.4118 430.066 0.132206 429.714 SMV 0.836914
256.043 469.867 325.939 474.7 324.457 496.133 254.561 491.3 LMV 0.828613
1.65832 459.743 35.8368 460.529 35.2792 484.757 1.10073 483.971 SMV 0.825684
0.473468 252.134 32.5841 253.095 31.9328 274.866 -0.177853 273.905 SMV 0.810547
-0.677034 430.171 38.4376 431.071 37.8333 457.329 -1.28136 456.429 SMV 0.794434
259.863 397.228 316.072 399.384 315.137 423.772 258.928 421.616 LMV 0.780762
66.2387 414.82 92.467 415.383 91.0113 483.18 64.783 482.617 LMV 0.77832
65.9958 211.988 95.4773 212.395 94.2542 301.012 64.7727 300.605 LMV 0.770996
247.529 264.067 308.693 265.756 307.971 291.933 246.807 290.244 LMV 0.770996
239.576 232.724 302.697 233.402 302.424 258.776 239.303 258.098 LMV 0.769531
0.288213 564.346 21.8055 565.122 20.993 587.654 -0.52423 586.878 SMV 0.760742
259.529 446.21 326.204 449.382 324.971 475.29 258.296 472.118 LMV 0.75
65.0379 312.148 96.6233 312.875 94.5871 401.352 63.0017 400.625 LMV 0.730469
-0.705576 372.784 41.2023 374.359 40.2681 399.216 -1.63984 397.641 SMV 0.718262
188.342 231.898 242.335 232.809 241.908 258.102 187.915 257.191 LMV 0.701172
240.131 494.367 325.016 500.757 323.369 522.633 238.484 516.243 LMV 0.685059
0.211366 537.623 27.1535 539.132 25.8511 562.377 -1.09099 560.868 SMV 0.681641
61.8719 502.548 88.3439 503.767 85.5031 565.452 59.0311 564.233 SMV 0.658203
226.003 513.921 324.154 520.557 322.497 545.079 224.346 538.443 LMV 0.657715
0.805235 486.479 34.9421 488.339 33.5698 513.521 -0.56708 511.661 SMV 0.640137
183.669 610.525 244.892 614.852 243.081 640.475 181.858 636.148 LMV 0.627441
101.226 260.982 127.402 261.765 125.524 324.518 99.3484 323.735 LMV 0.605957
0.0179195 589.234 20.4289 590.771 18.6227 614.766 -1.7883 613.229 SMV 0.605469
191.44 263.986 243.44 264.265 243.31 288.514 191.31 288.235 LMV 0.600586
-1.03678 618.894 14.7498 619.463 14.0055 640.106 -1.78109 639.537 SMV 0.504883
217.462 292.287 292.087 292.401 292.038 324.713 217.413 324.599 LMV 0.439941
92.2695 327.518 127.519 327.734 126.981 415.482 91.7312 415.266 LMV 0.433105
206.348 326.902 257.358 328.389 256.652 352.598 205.642 351.111 LMV 0.335938
