178.972 274.662 193.286 308.713 177.528 315.338 163.214 281.287 CV 0.892578
253.974 241.722 263.752 258.954 223.526 281.778 213.748 264.546 CV 0.874023
549.253 554.579 573.261 588.2 554.747 601.421 530.739 567.8 SMV 0.851562
85.261 329.912 94.0211 346.983 58.739 365.088 49.9789 348.017 CV 0.851562
360.395 592.287 381.787 636.718 363.105 645.713 341.713 601.282 CV 0.847168
615.901 469.394 654.598 539.983 626.099 555.606 587.402 485.017 LMV 0.830078
29.0019 361.374 38.1426 380.454 -1.87685 399.626 -11.0176 380.546 CV 0.830078
536.038 512.821 556.508 551.133 533.962 563.179 513.492 524.867 SMV 0.78418
557.986 495.651 578.983 532.997 557.014 545.349 536.017 508.003 SMV 0.780762
570.249 539.57 597.023 575.193 576.751 590.43 549.977 554.807 SMV 0.766602
589.392 484.164 627.698 558.991 602.608 571.836 564.302 497.009 LMV 0.533203
511.278 527.991 535.063 560.654 516.722 574.009 492.937 541.346 SMV 0.500488
