217.387 121.246 235.991 177.236 213.363 184.754 194.759 128.764 CV 0.880859
150.185 591.147 156.973 614.346 110.815 627.853 104.027 604.654 CV 0.854492
185.589 131.014 203.922 192.333 179.161 199.736 160.828 138.417 CV 0.850586
128.205 523.482 134.665 546.823 88.7955 559.518 82.3352 536.177 CV 0.817871
39.0375 610.378 45.8096 635.416 0.681244 647.622 -6.09089 622.584 CV 0.807617
39.0778 276.093 46.2259 301.156 -0.234024 314.407 -7.38211 289.344 CV 0.75
124.816 -1.31482 144.844 -0.976789 144.684 8.53748 124.656 8.19945 CV 0.628906
7.90164 556.605 31.7883 575.47 14.4734 597.395 -9.41335 578.53 CV 0.515137
-2.30055 516.918 12.8557 516.895 12.8943 542.082 -2.26193 542.105 CV 0.509277
538.503 113.347 543.853 133.202 499.497 145.153 494.147 125.298 CV 0.449707
49.8684 309.192 60.8541 339.097 4.47533 359.808 -6.5104 329.903 CV 0.375488
