162.53 92.2333 207.886 93.5555 205.22 185.017 159.864 183.694 AFV 0.560059
50.7589 90.7565 112.835 119.865 83.1161 183.243 21.0396 154.135 AFV 0.549805
215.749 92.7022 257.892 94.6431 253.751 184.548 211.608 182.607 AFV 0.530762
104.79 91.5237 146.377 93.3104 142.46 184.476 100.873 182.69 AFV 0.520508
263.914 90.2393 307.413 90.6395 306.586 180.511 263.087 180.11 SMV 0.511719
376.872 98.489 418.668 101.056 413.128 191.261 371.332 188.694 AFV 0.496582
215.241 92.4342 257.207 94.141 253.509 185.066 211.543 183.359 SMV 0.486328
377.31 93.7035 420.351 95.8502 415.69 189.297 372.649 187.15 SMV 0.411621
363.995 91.7373 368.667 174.856 312.505 178.013 307.833 94.8939 SMV 0.407715
162.032 90.5762 206.833 91.5723 204.718 186.674 159.917 185.678 SMV 0.345459
314.746 97.3114 366.793 98.5887 364.754 181.689 312.707 180.411 AFV 0.332764
161.125 90.1349 206.983 91.4011 204.375 185.865 158.517 184.599 LMV 0.311035
105.228 89.8182 147.105 92.0683 142.022 186.682 100.145 184.432 SMV 0.290039
216.363 94.5795 257.224 96.5237 252.887 187.671 212.027 185.726 MCV 0.271973
268.029 97.4537 319.998 112.125 300.471 181.296 248.502 166.625 AFV 0.271729
