444.941 214.395 478.989 225.295 450.559 314.105 416.511 303.205 LMV 0.84375
405.58 201.92 440.785 208.979 422.92 298.08 387.715 291.021 LMV 0.757812
99.643 369.461 147.619 375.154 144.607 400.539 96.631 394.846 SMV 0.687012
307.433 172.147 344.714 179.173 328.567 264.853 291.286 257.827 LMV 0.642578
611.793 462.56 644.385 464.01 641.207 535.44 608.615 533.99 MCV 0.608887
480.703 441.776 514.253 443.5 510.797 510.724 477.247 509 LMV 0.568359
569.25 460.552 602.353 461.745 599.75 533.948 566.647 532.755 LMV 0.541992
346.079 179.879 384.033 189.506 360.921 280.621 322.967 270.994 LMV 0.524902
365.89 187.026 402.346 194.976 382.61 285.474 346.154 277.524 LMV 0.520508
366.525 188.659 404.729 195.68 387.975 286.841 349.771 279.82 MCV 0.488281
520.562 448.88 554.648 451.894 548.438 522.12 514.352 519.106 LMV 0.46875
612.432 461.663 646.172 464.306 640.568 535.837 606.828 533.194 LMV 0.406006
94.8272 400.441 148.225 407.108 144.923 433.559 91.5248 426.892 SMV 0.305908
519.42 449.233 553.889 451.775 548.58 523.767 514.111 521.225 SMV 0.302246
613.159 465.738 647.402 469.082 640.841 536.262 606.598 532.918 SMV 0.278076
