616.238 457.841 635.535 457.722 635.762 494.659 616.465 494.778 CV 0.883789
590.223 463.155 608.873 462.669 609.777 497.345 591.127 497.831 CV 0.873047
425.918 10.3368 487.388 12.2696 486.582 37.9132 425.112 35.9804 CV 0.868164
129.002 56.2654 186.362 57.5854 185.748 84.2346 128.388 82.9146 CV 0.652344
203.956 58.5439 223.657 58.3022 224.044 89.8311 204.343 90.0728 CV 0.592773
169.667 539.68 171.274 563.673 116.833 567.32 115.226 543.327 MCV 0.460938
388.301 -1.36047 414.274 0.594702 412.199 28.1573 386.226 26.2022 CV 0.421875
55.435 555.131 56.791 578.843 3.87746 581.869 2.52149 558.157 SMV 0.415039
535.549 150.071 565.048 149.868 565.451 208.179 535.952 208.382 CV 0.404297
616.415 256.451 639.818 256.056 640.585 301.549 617.182 301.944 CV 0.376709
224.718 53.7223 243.263 53.4379 243.782 87.2777 225.237 87.5621 CV 0.372314
415.946 0.869115 435.297 0.275453 435.554 8.65432 416.203 9.24798 CV 0.346436
-0.208592 520.932 29.5233 521.32 29.2398 543.068 -0.492009 542.68 SMV 0.312744
