212.847 548.19 221.746 565.083 182.403 585.81 173.504 568.917 CV 0.94043
484.101 395.98 494.162 413.59 454.899 436.02 444.838 418.41 CV 0.926758
508.704 459.929 516.68 475.891 482.296 493.071 474.32 477.109 CV 0.917969
259.313 420.437 269.074 437.408 229.687 460.063 219.926 443.092 CV 0.917969
353.48 576.788 361.284 593.078 325.52 610.212 317.716 593.922 CV 0.915039
176.163 492.478 185.013 508.474 150.587 527.522 141.737 511.526 CV 0.915039
328.703 302.235 346.742 339.887 330.297 347.765 312.258 310.113 CV 0.912109
633.678 205.266 642.61 223.77 603.322 242.734 594.39 224.23 CV 0.912109
139.023 435.047 148.463 450.005 114.477 471.453 105.037 456.495 CV 0.908203
502.548 437.43 511.331 453.195 477.452 472.07 468.669 456.305 CV 0.905273
612.816 424.415 621.519 440.705 586.184 459.585 577.481 443.295 CV 0.902344
439.673 318.879 448.507 334.92 411.827 355.121 402.993 339.08 CV 0.898438
535.249 582.695 560.141 628.847 540.751 639.305 515.859 593.153 CV 0.898438
596.63 559.937 613.34 596.83 597.37 604.063 580.66 567.17 CV 0.898438
559.65 326.065 569.059 342.535 533.35 362.935 523.941 346.465 CV 0.897461
367.893 513.072 377.131 529.353 339.107 550.928 329.869 534.647 CV 0.895508
339.759 556.903 347.539 572.823 314.241 589.097 306.461 573.177 CV 0.89502
462.664 459.172 472.217 476.279 431.836 498.828 422.283 481.721 CV 0.894531
232.696 594.06 240.009 610.678 203.054 626.94 195.741 610.322 CV 0.892578
570.189 345.615 579.097 360.896 544.811 380.885 535.903 365.604 CV 0.890625
346.868 289.559 367.176 327.567 349.632 336.941 329.324 298.933 CV 0.890625
417.627 384.047 426.456 400.57 387.373 421.453 378.544 404.93 CV 0.890625
293.989 478.741 301.986 494.324 268.011 511.759 260.014 496.176 CV 0.889648
458.131 360.548 465.841 375.979 430.869 393.452 423.159 378.021 CV 0.888672
199.405 529.201 208.546 544.671 171.095 566.799 161.954 551.329 CV 0.886719
227.419 354.367 238.21 371.465 198.331 396.633 187.54 379.535 CV 0.885742
492.746 419.192 501.617 435.373 465.254 455.308 456.383 439.127 CV 0.883789
576.287 566.811 597.185 609.049 578.713 618.189 557.815 575.951 CV 0.882812
249.756 402.88 258.682 419.013 223.244 438.62 214.318 422.487 CV 0.882812
542.764 285.742 552.929 303.616 512.236 326.758 502.071 308.884 CV 0.882812
221.978 569.933 229.993 587.004 191.522 605.067 183.507 587.996 CV 0.880859
467.614 380.719 476.126 396.65 439.386 416.281 430.874 400.35 CV 0.880859
416.625 208.925 422.823 224.923 388.875 238.075 382.677 222.077 CV 0.878906
521.193 476.19 530.988 491.644 496.807 513.31 487.012 497.856 CV 0.875977
164.932 473.177 174.224 488.902 138.818 509.823 129.526 494.098 CV 0.87207
307.648 496.433 316.508 512.745 281.852 531.567 272.992 515.255 CV 0.870605
279.087 433.624 290.101 451.228 245.913 478.876 234.899 461.272 CV 0.870117
500.872 610.82 516.311 640.127 499.128 649.18 483.689 619.873 CV 0.869141
451.2 336.874 460.432 353.872 421.3 375.126 412.068 358.128 CV 0.867188
306.116 308.62 326.45 351.928 307.384 360.88 287.05 317.572 CV 0.866211
149.787 453.946 159.622 469.263 126.463 490.554 116.628 475.237 CV 0.864258
237.679 382.717 246.721 398.947 209.321 419.783 200.279 403.553 CV 0.861328
614.409 552.745 632.329 587.666 615.591 596.255 597.671 561.334 CV 0.861328
451.479 441.305 459.845 457.648 427.521 474.195 419.155 457.852 CV 0.858887
239.733 613.048 247.316 629.2 213.767 644.952 206.184 628.8 CV 0.858398
319.611 516.134 328.709 531.774 295.889 550.866 286.791 535.226 CV 0.857422
366.715 280.062 385.655 317.058 369.285 325.438 350.345 288.442 CV 0.853027
583.089 364.681 592.191 379.847 558.911 399.819 549.809 384.653 CV 0.851562
641.119 230.584 649.9 248.03 611.881 267.166 603.1 249.72 CV 0.848633
188.118 508.776 198.14 526.083 161.632 547.224 151.61 529.917 CV 0.84375
633.203 532.303 653.965 572.86 632.797 583.697 612.035 543.14 CV 0.830078
466.687 620.626 487.259 624.767 483.313 644.374 462.741 640.233 CV 0.77832
627.792 411.703 645.24 440.776 630.208 449.797 612.76 420.724 CV 0.754883
396.199 549.603 405.841 567.233 370.801 586.397 361.159 568.767 CV 0.71875
606.204 401.52 614.788 416.716 579.796 436.48 571.212 421.284 CV 0.582031
594.36 384.326 603.818 400.262 573.64 418.174 564.182 402.238 CV 0.525391
