167.18 445.008 200.71 468.927 190.32 483.492 156.79 459.573 CV 0.915039
554.424 44.8361 573.068 80.2258 556.576 88.9139 537.932 53.5242 CV 0.907227
6.43681 342.654 39.8807 361.977 31.0007 377.346 -2.44322 358.023 CV 0.90625
95.2555 289.135 125.514 305.838 117.494 320.365 87.2361 303.662 CV 0.904297
129.292 474.855 160.706 496.896 150.708 511.145 119.294 489.104 CV 0.893555
246.395 204.034 281.859 225.887 272.105 241.716 236.641 219.863 CV 0.886719
48.9217 314.857 84.2504 333.008 75.7033 349.643 40.3746 331.492 CV 0.879883
148.537 460.98 178.048 482.032 167.713 496.52 138.202 475.468 CV 0.875977
56.5646 511.054 93.7489 526.049 86.9354 542.946 49.7511 527.951 CV 0.874023
102.358 479.593 136.044 508.288 124.017 522.407 90.3315 493.712 CV 0.871582
187.664 432.712 220.716 453.414 211.086 468.788 178.034 448.086 CV 0.841309
184.34 236.675 215.218 255.785 205.91 270.825 175.032 251.715 CV 0.833496
26.7514 328.737 57.8719 346.396 49.4361 361.263 18.3156 343.604 CV 0.825684
46.1554 195.932 67.3185 236.105 48.4071 246.068 27.244 205.895 SMV 0.79541
587.804 428.667 598.001 447.096 554.196 471.333 543.999 452.904 CV 0.79248
604.585 459.602 613.6 481.71 560.415 503.398 551.4 481.29 CV 0.791016
579.296 400.286 590.114 418.431 547.704 443.714 536.886 425.569 CV 0.780762
481.31 481.695 503.681 525.29 483.19 535.805 460.819 492.21 CV 0.763672
401.891 -10.996 431.377 39.2402 406.609 53.7772 377.123 3.54105 LMV 0.736816
95.1753 180.029 114.307 224.563 91.8247 234.221 72.6933 189.687 SMV 0.734375
273.673 384.811 310.984 406.808 301.327 423.189 264.016 401.192 CV 0.728516
-1.05338 362.51 19.7541 374.249 11.1549 389.49 -9.6525 377.751 CV 0.541016
1.85026 219.654 41.4411 285.478 18.3841 299.346 -21.2067 233.522 LMV 0.424316
261.894 16.264 284.313 75.6748 264.606 83.111 242.187 23.7003 CV 0.382812
