360.794 577.861 375.492 617.871 355.706 625.139 341.008 585.129 SMV 0.942383
449.274 547.21 464.704 585.802 444.726 593.79 429.296 555.198 SMV 0.938477
469.718 536.421 485.953 575.901 467.282 583.579 451.047 544.099 SMV 0.931641
625.292 476.324 640.162 519.657 619.708 526.676 604.838 483.343 SMV 0.925781
492.851 529.595 508.217 569.956 488.649 577.405 473.283 537.044 SMV 0.921875
603.093 485.295 618.912 528.356 598.907 535.705 583.088 492.644 SMV 0.921875
522.855 459.203 535.575 498.509 516.145 504.797 503.425 465.491 SMV 0.918945
559.338 501.876 576.219 543.859 555.662 552.124 538.781 510.141 SMV 0.916992
231.344 565.939 244.805 606.449 224.906 613.061 211.445 572.551 SMV 0.915039
325.479 534.134 339.543 573.974 320.021 580.866 305.957 541.026 SMV 0.910156
165.197 594.932 178.398 632.327 159.303 639.068 146.102 601.673 SMV 0.910156
591.215 433.54 604.602 471.465 584.785 478.46 571.398 440.535 SMV 0.907227
392.93 506.598 405.364 548.185 384.57 554.402 372.136 512.815 SMV 0.901367
280.122 550.6 293.398 589.787 273.878 596.4 260.602 557.213 SMV 0.898438
580.348 493.406 597.665 534.601 578.652 542.594 561.335 501.399 SMV 0.898438
502.343 469.108 514.168 506.141 496.157 511.892 484.332 474.859 SMV 0.897461
383.549 569.745 397.939 610.133 377.951 617.255 363.561 576.867 SMV 0.895508
372.144 516.253 384.164 556.888 364.356 562.747 352.336 522.112 SMV 0.895508
516.27 515.714 532.157 561.142 511.73 568.286 495.843 522.858 SMV 0.894531
482.126 474.429 493.435 514.229 472.874 520.071 461.565 480.271 SMV 0.886719
536.892 510.573 552.069 552.139 532.108 559.427 516.931 517.861 SMV 0.886719
571.009 442.9 583.427 482.728 562.991 489.1 550.573 449.272 SMV 0.886719
223.175 184.287 247.612 258.558 222.825 266.713 198.388 192.442 LMV 0.882812
615.378 421.061 628.648 464.518 607.622 470.939 594.352 427.482 SMV 0.87793
302.909 541.29 316.794 580.994 297.591 587.71 283.706 548.006 SMV 0.876953
282.422 160.4 304.582 235.317 276.578 243.6 254.418 168.683 LMV 0.870117
186.754 586.319 199.639 623.162 180.996 629.681 168.111 592.838 SMV 0.870117
248.143 174.006 273.246 246.468 249.357 254.744 224.254 182.282 LMV 0.868164
548.132 449.974 559.809 489.309 538.868 495.526 527.191 456.191 SMV 0.866211
173.465 197.769 193.129 275.573 166.785 282.231 147.121 204.427 LMV 0.865723
146.833 205.597 167.362 281.494 143.667 287.903 123.138 212.006 LMV 0.848633
339.692 584.4 355.025 625.642 336.308 632.6 320.975 591.358 SMV 0.842773
457.263 486.124 467.735 522.978 448.737 528.376 438.265 491.522 SMV 0.839844
23.8317 246.12 44.6824 308.871 19.0746 317.38 -1.7761 254.629 LMV 0.838867
412.941 496.766 426.659 540.018 407.059 546.234 393.341 502.982 SMV 0.833496
142.863 602.555 154.905 638.794 134.887 645.445 122.845 609.206 SMV 0.830078
209.366 577.828 223.008 614.964 203.384 622.172 189.742 585.036 SMV 0.828613
499.415 70.0115 532.961 149.81 504.585 161.738 471.039 81.94 LMV 0.817383
321.094 593.985 336.375 634.479 316.406 642.015 301.125 601.521 SMV 0.813477
475.23 182.888 495.951 241.953 471.27 250.612 450.549 191.547 MCV 0.804688
404.444 563.023 421.585 604.022 402.556 611.977 385.415 570.978 SMV 0.800781
120.013 212.78 145.613 289.826 124.112 296.97 98.5122 219.924 LMV 0.795898
348.649 521.101 361.914 563.643 341.851 569.899 328.586 527.357 SMV 0.79248
98.7284 224.203 122.731 291.155 100.022 299.297 76.0187 232.345 LMV 0.789062
196.623 190.95 221.299 268.231 198.377 275.55 173.701 198.269 LMV 0.770996
426.112 551.803 442.563 593.419 422.888 601.197 406.437 559.581 SMV 0.763672
299.54 601.688 312.149 640.011 289.96 647.312 277.351 608.989 SMV 0.753906
499.697 172.727 516.956 230.452 493.303 237.523 476.044 179.798 MCV 0.750977
274.91 607.172 287.905 642.549 268.09 649.828 255.095 614.451 SMV 0.744629
119.286 608.623 130.665 639.599 112.214 646.377 100.835 615.401 SMV 0.714844
60.0683 325.875 87.5399 385.748 62.7442 397.125 35.2726 337.252 MCV 0.710449
434.669 492.607 447.235 531.437 428.831 537.393 416.265 498.563 SMV 0.685547
19.018 343.898 41.4453 411.394 13.732 420.602 -8.69531 353.106 MCV 0.660645
257.363 556.279 272.103 599.787 251.637 606.721 236.896 563.213 SMV 0.654297
569.448 39.1407 599.553 119.633 575.552 128.609 545.447 48.1175 LMV 0.647949
447.997 186.406 465.588 251.444 441.003 258.094 423.412 193.056 MCV 0.640137
638.608 412.039 650.99 456.438 629.392 462.461 617.01 418.062 SMV 0.626465
309.516 15.8538 318.875 40.0104 269.484 59.1462 260.125 34.9896 LMV 0.505859
325.829 232.32 343.785 293.685 318.171 301.18 300.215 239.815 MCV 0.490234
198.952 273.307 219.58 333.231 193.548 342.193 172.92 282.269 LMV 0.474121
325.217 234.743 343.151 294.092 317.783 301.757 299.849 242.408 LMV 0.466309
448.627 189.807 465.836 254.689 440.373 261.443 423.164 196.561 LMV 0.449707
56.4756 -1.13645 81.2527 -0.148405 80.6494 14.9802 55.8723 13.9922 LMV 0.437012
117.015 -1.86461 139.829 -0.691843 138.985 15.724 116.171 14.5512 LMV 0.430176
633.37 23.508 659.294 110.216 636.63 116.992 610.706 30.2844 LMV 0.397949
277.924 255.596 290.289 308.643 265.576 314.404 253.211 261.357 SMV 0.385742
597.007 138.573 616.595 205.516 586.993 214.177 567.405 147.234 MCV 0.384766
298.679 247.378 314.705 301.557 290.821 308.622 274.795 254.443 LMV 0.376465
369.405 75.8862 414.391 98.6944 403.595 119.989 358.609 97.1806 LMV 0.372803
78.4853 624.407 96.3298 629.742 91.8897 644.593 74.0452 639.258 SMV 0.365234
154.034 290.906 170.84 351.169 144.216 358.594 127.41 298.331 LMV 0.364258
105.4 308.668 129.02 367.409 103.1 377.832 79.4797 319.091 MCV 0.358398
251.182 259.468 265.962 314.325 241.068 321.032 226.288 266.175 SMV 0.337158
58.691 321.729 87.0867 386.258 62.059 397.271 33.6633 332.742 LMV 0.325928
55.3323 631.319 72.1447 631.384 72.1052 641.681 55.2928 641.616 SMV 0.309326
102.902 305.059 126.796 363.656 100.348 374.441 76.4535 315.844 LMV 0.303467
346.028 225.302 367.717 281.446 342.472 291.198 320.783 235.054 LMV 0.296387
278.439 254.81 291.79 308.97 266.561 315.19 253.21 261.03 LMV 0.291992
638.601 121.771 657.471 178.562 634.399 186.229 615.529 129.438 LMV 0.268066
2.63299 276.553 20.8802 314.833 0.710758 324.447 -17.5364 286.167 LMV 0.254883
251.857 259.978 267.045 314.853 241.143 322.022 225.955 267.147 LMV 0.253418
