89.6032 341.718 107.6 373.149 92.5218 381.782 74.525 350.351 CV 0.916016
141.695 304.295 165.388 338.595 149.305 349.705 125.612 315.405 CV 0.899414
43.708 581.098 53.4572 599.344 16.8545 618.902 7.10527 600.656 CV 0.873047
205.71 404.169 229.68 439.793 211.79 451.831 187.82 416.207 CV 0.864746
105.561 333.339 125.002 364.009 110.564 373.161 91.1234 342.491 CV 0.850586
204.091 276.045 222.809 311.325 204.659 320.955 185.941 285.675 CV 0.838867
265.536 374.802 282.893 417.367 262.464 425.698 245.107 383.133 CV 0.835938
583.425 543.113 622.487 542.934 622.575 561.887 583.513 562.066 CV 0.834961
45.3765 361.888 64.6734 394.042 49.561 403.112 30.2641 370.958 CV 0.832031
245.212 249.673 266.805 296.978 243.038 307.827 221.445 260.522 CV 0.829102
477.7 482.432 497.214 494.694 475.3 529.568 455.786 517.306 CV 0.818359
408.804 341.386 427.644 356.703 395.196 396.614 376.356 381.297 CV 0.798828
504.656 443.373 578.402 452.009 575.344 478.127 501.598 469.491 CV 0.79248
611.524 518.912 612.502 541.391 573.476 543.088 572.498 520.609 CV 0.734375
131.885 -10.097 139.885 6.27151 102.74 24.4251 94.7402 8.05662 CV 0.71875
506.322 529.207 522.137 541.424 498.678 571.793 482.863 559.576 CV 0.716797
604.283 494.343 605.578 516.978 558.717 519.657 557.422 497.022 CV 0.69873
287.109 234.375 304.855 269.209 285.391 279.125 267.645 244.291 CV 0.65625
121.667 322.643 142.442 351.467 127.333 362.357 106.558 333.533 CV 0.574219
53.1763 -1.62975 61.4517 16.4061 22.8237 34.1297 14.5483 16.0939 CV 0.549316
527.438 577.224 544.279 587.807 523.562 620.776 506.721 610.193 CV 0.455566
517.793 551.479 533.354 563.463 510.207 593.521 494.646 581.537 CV 0.373047
424.369 485.776 448.79 538.591 423.631 550.224 399.21 497.409 CV 0.363525
287.004 366.037 309.879 403.404 290.996 414.963 268.121 377.596 CV 0.300049
