501.224 175.531 513.482 192.312 475.276 220.219 463.018 203.438 CV 0.912109
513.162 245.382 524.053 264.533 484.338 287.118 473.447 267.967 CV 0.910156
524.344 320.901 539.603 338.691 500.656 372.099 485.397 354.309 CV 0.907227
394.043 402.005 395.881 458.163 370.457 458.995 368.619 402.837 CV 0.888672
507.449 209.652 521.642 228.008 483.051 257.848 468.858 239.492 CV 0.879883
516.831 275.759 531.516 291.803 497.169 323.241 482.484 307.197 CV 0.878906
494.463 143.9 509.225 160.526 472.537 193.1 457.775 176.474 CV 0.876953
364.463 263.039 372.866 311.313 349.037 315.461 340.634 267.187 CV 0.848633
631.926 316.519 636.72 370.62 610.074 372.981 605.28 318.88 CV 0.836914
377.49 327.046 385.023 378.276 360.01 381.954 352.477 330.724 CV 0.827148
360.568 192.019 370.333 248.113 340.932 253.231 331.167 197.137 CV 0.741699
