541.461 170.814 581.362 198.549 567.539 218.436 527.638 190.701 CV 0.901367
579.161 157.598 629.501 195.165 613.839 216.152 563.499 178.585 CV 0.890625
419.766 191.5 461.158 219.882 448.734 238 407.342 209.618 CV 0.886719
357.399 279.838 359.262 305.051 303.601 309.162 301.738 283.949 CV 0.880859
495.633 172.088 539.086 201.884 525.867 221.162 482.414 191.366 CV 0.880859
137.618 227.376 180.169 258.234 165.382 278.624 122.831 247.766 CV 0.879883
17.3852 249.731 59.4094 277.621 47.3648 295.769 5.34058 267.879 CV 0.874023
460.927 184.739 504.878 211.703 492.573 231.761 448.622 204.797 CV 0.867188
58.0476 238.804 99.5927 271.713 84.9524 290.196 43.4073 257.287 CV 0.866211
388.076 203.581 421.705 236.191 407.424 250.919 373.795 218.309 CV 0.842285
620.554 154.278 653.563 176.536 639.446 197.472 606.437 175.214 CV 0.766602
639.868 302.105 641.98 324.93 599.132 328.895 597.02 306.07 CV 0.755859
0.466128 272.422 28.7181 287.91 16.5651 310.078 -11.6868 294.59 CV 0.742188
