133.827 198.094 154.939 234.799 138.673 244.156 117.561 207.451 CV 0.924805
85.7496 280.669 93.4696 298.983 53.5004 315.831 45.7804 297.517 CV 0.917969
35.6619 193.797 43.6421 209.652 8.27556 227.453 0.295376 211.598 CV 0.914062
556.078 90.1859 573.319 120.501 558.922 128.689 541.681 98.3735 CV 0.912109
501.69 270.274 511.092 287.997 467.31 311.226 457.908 293.503 CV 0.912109
583.123 77.0898 602.221 110.519 586.877 119.285 567.779 85.8558 CV 0.908203
50.902 142.244 71.2281 176.113 56.4105 185.006 36.0844 151.137 CV 0.89502
504.202 123.096 518.04 156.195 500.798 163.404 486.96 130.305 CV 0.885742
106.231 99.0987 128.469 140.718 109.644 150.776 87.4062 109.157 CV 0.880859
69.7218 127.365 89.6656 163.83 72.6532 173.135 52.7094 136.67 CV 0.875977
59.4237 246.784 68.2169 261.533 35.2013 281.216 26.4081 266.467 CV 0.845703
12.7224 151.628 23.9618 170.649 1.16038 184.122 -10.079 165.101 CV 0.671387
151.323 196.37 171.245 223.729 158.677 232.88 138.755 205.521 CV 0.569824
2.08246 323.426 17.6606 338.153 5.91754 350.574 -9.66059 335.847 CV 0.323242
