400.083 166.55 410.273 263.264 372.917 267.2 362.727 170.486 LMV 0.880859
478.15 141.58 494.638 251.475 453.35 257.67 436.862 147.775 LMV 0.859863
358.853 161.291 371.238 265.18 331.147 269.959 318.762 166.07 LMV 0.853027
515.781 138.103 531.49 242.806 494.219 248.397 478.51 143.694 LMV 0.839844
385.488 515.523 390.775 552.743 280.012 568.477 274.725 531.257 LMV 0.830078
433.732 154.395 451.504 253.057 413.768 259.855 395.996 161.193 LMV 0.782715
633.895 118.863 650.607 231 611.105 236.887 594.393 124.75 LMV 0.78125
549.749 132.841 567.158 240.949 533.251 246.409 515.842 138.301 LMV 0.645996
591.37 124.675 606.467 225.298 569.63 230.825 554.533 130.202 LMV 0.616211
365.691 476.101 373.493 512.109 268.309 534.899 260.507 498.891 LMV 0.594727
341.064 435.168 349.355 475.129 239.936 497.832 231.645 457.871 LMV 0.550781
384.596 553.642 388.748 593.048 281.404 604.358 277.252 564.952 LMV 0.499023
639.021 413.377 649.653 453.621 590.979 469.123 580.347 428.879 LMV 0.357422
638.92 417.531 648.284 457.704 587.08 471.969 577.716 431.796 AFV 0.330811
428.24 154.159 445.187 244.203 407.26 251.341 390.313 161.297 AFV 0.29541
389.314 551.091 394.298 589.992 285.686 603.909 280.702 565.008 MCV 0.276855
