397.238 -0.282673 420.407 0.0371246 419.762 46.7827 396.593 46.4629 CV 0.90918
155.603 539.341 163.65 555.686 127.147 573.659 119.1 557.314 CV 0.90625
278.875 524.749 286.422 539.562 255.625 555.251 248.078 540.438 CV 0.902344
425.432 0.463871 445.275 0.646452 445.068 23.0674 425.225 22.8848 CV 0.900391
219.639 154.833 244.807 155.836 242.611 210.917 217.443 209.914 CV 0.896484
245.264 462.433 253.884 478.377 220.236 496.567 211.616 480.623 CV 0.895508
307.286 570.118 317.004 585.418 283.214 606.882 273.496 591.582 CV 0.892578
257.275 481.651 265.393 497.471 233.475 513.849 225.357 498.029 CV 0.890625
525.659 -0.482487 549.883 0.223705 548.341 53.1075 524.117 52.4013 CV 0.885742
143.805 517.939 152.446 534.226 116.945 553.061 108.304 536.774 CV 0.885742
371.888 75.2276 395.075 75.2099 395.112 123.397 371.925 123.415 CV 0.882812
329.443 612.259 338.086 628.173 302.057 647.741 293.414 631.827 CV 0.880859
498.101 -0.231987 521.862 0.241581 520.899 48.5445 497.138 48.0709 CV 0.878906
348.953 5.06733 372.833 6.18534 370.047 65.6827 346.167 64.5647 CV 0.875
241.894 73.428 268.534 73.5097 268.356 131.447 241.716 131.365 CV 0.874023
187.168 600.641 195.535 617.263 159.582 635.359 151.215 618.737 CV 0.874023
269.781 70.558 293.524 69.9572 294.719 117.192 270.976 117.793 CV 0.871582
174.737 576.587 183.651 593.508 147.763 612.413 138.849 595.492 CV 0.864258
176.09 310.719 187.603 329.282 148.91 353.281 137.397 334.718 CV 0.863281
17.1353 513.522 34.7411 545.638 18.6147 554.478 1.00886 522.362 CV 0.84082
444.52 34.3823 469.702 33.8804 470.98 97.9927 445.798 98.4946 CV 0.830078
246.03 149.067 271.534 150.242 268.97 205.933 243.466 204.758 CV 0.788086
57.4823 -6.15305 78.4907 0.481864 66.8302 37.4031 45.8218 30.7681 CV 0.78125
430.607 170.967 473.607 191.22 464.393 210.783 421.393 190.53 CV 0.769043
189.905 99.9485 218.152 100.338 217.345 158.802 189.098 158.412 CV 0.764648
319.648 105.33 341.853 103.692 345.852 157.92 323.647 159.558 CV 0.638184
294.624 113.917 319.157 112.712 321.876 168.083 297.343 169.288 CV 0.625977
1.52826 534.812 16.7429 555.451 2.17877 566.188 -13.0358 545.549 CV 0.530762
396.888 180.662 443.39 209.442 430.612 230.088 384.11 201.308 CV 0.519043
29.6981 -2.75087 48.846 -1.10246 47.6144 13.204 28.4665 11.5556 CV 0.506836
342.203 79.1547 368.765 78.9103 369.297 136.72 342.735 136.965 CV 0.505371
99.2201 206.203 124.283 255.161 102.53 266.297 77.4673 217.339 SMV 0.366211
