460.954 359.294 467.114 375.474 431.046 389.206 424.886 373.026 CV 0.919922
336.964 397.122 344.574 412.096 312.536 428.378 304.926 413.404 CV 0.912109
339.038 110.873 370.263 130.43 359.962 146.877 328.737 127.319 CV 0.908203
308.164 324.004 316.726 341.611 275.836 361.496 267.274 343.889 CV 0.90625
430.996 304.841 439.551 320.446 404.504 339.659 395.949 324.054 CV 0.89502
614.509 396.855 621.615 410.736 592.491 425.645 585.385 411.764 CV 0.885742
397.918 23.4853 429.795 50.6398 418.082 64.3897 386.205 37.2352 CV 0.884766
348.102 55.3703 380.131 77.4021 369.398 93.0047 337.369 70.9729 CV 0.880859
412.416 68.1471 446.293 92.8669 435.084 108.228 401.207 83.5081 CV 0.876953
355.264 93.8402 386.513 113.477 376.736 129.035 345.487 109.398 CV 0.854492
415.499 7.98038 453.467 36.3148 441.001 53.0196 403.033 24.6852 CV 0.854492
150.867 266.563 172.532 305.361 155.383 314.937 133.718 276.139 CV 0.853027
128.536 279.031 151.476 321.763 132.464 331.969 109.524 289.237 CV 0.851562
110.061 299.853 127.315 333.077 110.814 341.647 93.5596 308.423 CV 0.847168
323.608 69.5189 351.507 89.4408 341.392 103.606 313.493 83.6842 CV 0.837891
371.018 37.3808 405.24 62.5828 393.982 77.8692 359.76 52.6672 CV 0.827637
630.096 381.55 642.474 381.911 641.904 401.45 629.526 401.089 CV 0.794434
442.975 1.06603 474.956 21.9338 466.025 35.6215 434.044 14.7537 CV 0.727051
503.404 -2.21589 524.042 -1.32922 523.596 9.05183 502.958 8.16516 CV 0.53418
