90.8883 87.3815 93.1157 132.514 70.7367 133.619 68.5093 88.4859 AFV 0.720703
620.074 332.7 646.706 334.849 643.926 369.3 617.294 367.151 AFV 0.60791
618.309 289.436 644.112 290.564 642.691 323.064 616.888 321.936 AFV 0.553711
98.3397 83.5998 119.077 82.8679 120.785 131.275 100.048 132.007 AFV 0.539062
93.9192 149.868 100.053 219.097 77.0808 221.132 70.9467 151.903 LMV 0.519531
96.6892 85.5374 118.894 84.1219 121.936 131.838 99.7309 133.253 MCV 0.46582
94.9293 146.268 99.6415 216.611 75.4457 218.232 70.7335 147.889 MCV 0.360352
97.8882 215.952 99.9048 145.981 128.237 146.798 126.22 216.769 MCV 0.337646
626.673 392.479 652.188 408.844 603.327 485.021 577.812 468.656 LMV 0.310547
120.555 144.649 138.305 189.549 107.82 201.601 90.0698 156.701 AFV 0.289062
