257.764 569.854 304.913 595.003 295.236 613.146 248.087 587.997 LMV 0.935547
259.473 301.091 311.774 326.163 303.027 344.409 250.726 319.337 LMV 0.93457
262.831 99.1469 316.599 118.988 308.669 140.478 254.901 120.637 LMV 0.927734
262.438 11.8502 314.978 34.5125 306.562 54.0248 254.022 31.3625 LMV 0.923828
264.034 274.911 315.498 297.618 306.466 318.089 255.002 295.382 LMV 0.921875
261.703 128.386 315.557 150.255 307.797 169.364 253.943 147.495 LMV 0.919922
259.854 329.451 311.338 352.649 302.146 373.049 250.662 349.851 LMV 0.917969
261.178 244.173 313.813 267.782 304.822 287.827 252.187 264.218 LMV 0.916992
259.972 417.566 311.829 442.768 302.028 462.934 250.171 437.732 LMV 0.914062
260.22 157.509 315.106 179.067 307.28 198.991 252.394 177.433 LMV 0.912109
264.001 42.0655 317.142 63.4488 308.999 83.6845 255.858 62.3012 LMV 0.912109
258.583 506.254 307.275 532.363 297.417 550.746 248.725 524.637 LMV 0.908203
261.063 360.004 311.086 383.609 301.937 402.996 251.914 379.391 LMV 0.907227
261.536 215.276 313.81 238.158 305.464 257.224 253.19 234.342 LMV 0.90625
258.7 538.266 306.401 564.039 296.3 582.734 248.599 556.961 LMV 0.90625
261.812 70.0992 315.933 92.308 307.688 112.401 253.567 90.192 LMV 0.90625
258.658 388.951 309.635 412.582 300.842 431.549 249.865 407.918 LMV 0.905273
261.465 185.372 314.635 206.256 306.535 226.878 253.365 205.994 LMV 0.904297
260.54 447.541 310.571 473.385 300.46 492.959 250.429 467.115 LMV 0.901367
266.9 -14.7383 320.147 8.56923 311.1 29.2383 257.853 5.93077 LMV 0.875977
260.729 477.748 310.447 503.924 300.271 523.252 250.553 497.076 LMV 0.875977
543.64 165.826 553.878 185.122 503.36 211.924 493.122 192.628 LMV 0.871582
549.519 82.0965 556.49 101.541 502.481 120.904 495.51 101.459 LMV 0.867188
545.221 196.463 555.554 218.194 502.779 243.287 492.446 221.556 LMV 0.866211
545.008 229.277 555.796 250.049 502.992 277.473 492.204 256.701 LMV 0.864258
538.725 510.063 547.704 528.665 493.275 554.937 484.296 536.335 LMV 0.862305
549.522 55.6854 555.94 76.2705 502.478 92.9396 496.06 72.3545 LMV 0.861328
550.228 29.4315 555.9 49.9266 502.772 64.631 497.1 44.1359 LMV 0.853027
540.502 420.872 549.479 441.435 497.498 464.128 488.521 443.565 LMV 0.84375
541.94 329.837 550.172 351.146 497.06 371.663 488.828 350.354 LMV 0.841309
542.205 298.675 550.72 319.384 499.795 340.325 491.28 319.616 LMV 0.835938
538.132 482.603 546.493 502.935 491.868 525.397 483.507 505.065 LMV 0.833496
551.113 2.97425 557.032 22.3563 499.887 39.807 493.968 20.425 LMV 0.832031
545.287 264.004 554.647 285.388 500.713 308.996 491.353 287.612 LMV 0.832031
546.922 106.856 556.022 127.536 504.078 150.394 494.978 129.714 LMV 0.832031
255.17 597.963 303.658 626.105 293.83 643.037 245.342 614.895 LMV 0.831543
545.492 135.257 555.874 155.886 503.508 182.243 493.126 161.614 LMV 0.823242
539.921 452.655 548.941 473.88 496.079 496.345 487.059 475.12 LMV 0.822266
542.489 359.798 550.52 382.198 497.511 401.202 489.48 378.802 LMV 0.819824
540.507 387.244 550.611 408.6 498.493 433.256 488.389 411.9 LMV 0.812012
251.224 626.004 282.737 633.561 279.276 647.996 247.763 640.439 LMV 0.526367
542.606 -10.7969 546.047 6.91878 497.395 16.3711 493.953 -1.34456 LMV 0.510742
27.6725 0.725437 44.4828 0.996073 44.14 22.2902 27.3297 22.0196 LMV 0.478516
