305.534 471.226 357.879 475.652 355.966 498.274 303.621 493.848 AFV 0.925781
315.938 401.694 367.191 405.237 365.562 428.806 314.309 425.263 AFV 0.889648
379.33 611.432 387.775 626.114 359.17 642.568 350.725 627.886 CV 0.868164
312.041 435.501 364.638 441.495 361.959 464.999 309.362 459.005 AFV 0.867188
300.549 503.709 351.209 507.641 349.451 530.291 298.791 526.359 AFV 0.845703
294.168 530.983 345.416 534.604 343.832 557.017 292.584 553.396 AFV 0.823242
342.316 218.393 392.418 219.93 391.684 243.857 341.582 242.32 AFV 0.816406
372.27 585.891 379.029 601.011 349.73 614.109 342.971 598.989 CV 0.806641
320.12 585.574 336.775 585.804 336.38 614.426 319.725 614.196 CV 0.804688
516.588 441.657 577.463 441.797 577.412 463.843 516.537 463.703 CV 0.413818
138.859 328.783 157.899 327.848 159.391 358.217 140.351 359.152 SMV 0.396973
274.592 628.672 297.635 630.959 296.408 643.328 273.365 641.041 CV 0.381836
545.865 73.9213 553.8 108.267 535.135 112.579 527.2 78.2334 CV 0.341553
440.285 79.5529 462.689 79.7934 462.215 123.947 439.811 123.707 CV 0.320068
136.555 362.832 155.942 363.204 155.445 389.168 136.058 388.796 SMV 0.319092
