479.961 196.463 507.76 204.157 493.539 255.537 465.74 247.843 AFV 0.883789
436.864 385.818 461.713 392.919 446.636 445.682 421.787 438.581 AFV 0.862305
448.348 194.957 477.381 203.831 461.652 255.293 432.619 246.419 AFV 0.862305
466.855 386.927 490.512 394.962 472.645 447.573 448.988 439.538 AFV 0.862305
490.485 251.748 511.918 304.16 486.015 314.752 464.582 262.34 AFV 0.854004
491.947 390.372 515.439 397.596 500.053 447.628 476.561 440.404 AFV 0.851562
533.972 196.49 562.361 201.593 553.028 253.51 524.639 248.407 AFV 0.849609
567.508 197.209 594.874 201.202 587.492 251.791 560.126 247.798 AFV 0.848633
580.107 252.766 598.647 307.492 569.893 317.234 551.353 262.508 AFV 0.847168
518.26 389.107 543.219 395.93 528.74 448.893 503.781 442.07 AFV 0.84375
460.581 251.351 481.421 304.068 455.919 314.149 435.079 261.432 AFV 0.832031
546.641 390.424 570.716 397.22 556.359 448.076 532.284 441.28 AFV 0.832031
574.474 389.648 597.977 396.675 582.526 448.352 559.023 441.325 AFV 0.825195
601.028 391.354 628.039 399.523 611.972 452.646 584.961 444.477 AFV 0.808594
521.78 252.104 541.343 306.672 514.22 316.396 494.657 261.828 AFV 0.796875
635.684 251.921 652.442 307.969 625.316 316.079 608.558 260.031 AFV 0.791016
626.763 194.005 652.626 199.335 642.237 249.745 616.374 244.415 AFV 0.753418
549.576 252.67 566.771 308.978 539.424 317.33 522.229 261.022 AFV 0.746094
598.41 388.568 626.307 395.895 611.59 451.932 583.693 444.605 SMV 0.299316
