276.42 440.108 328.125 443.442 326.58 467.392 274.875 464.058 AFV 0.973633
280.465 400.564 331.958 405.713 329.535 429.936 278.042 424.787 AFV 0.966797
276.894 464.82 328.468 470.098 326.106 493.18 274.532 487.902 AFV 0.962891
292.803 274.523 343.498 284.443 338.697 308.977 288.002 299.057 AFV 0.956055
76.7147 268.209 130.387 269.485 129.785 294.791 76.113 293.515 AFV 0.953125
272.869 492.377 325.059 495.462 323.631 519.623 271.441 516.538 AFV 0.952148
294.362 306.056 345.48 313.273 342.138 336.944 291.02 329.727 AFV 0.949219
296.253 181.665 347.107 192.061 342.247 215.835 291.393 205.439 AFV 0.946289
76.6258 304.582 130.449 306.068 129.749 331.418 75.9259 329.932 AFV 0.933594
127.275 137.584 128.219 162.691 75.7251 164.666 74.7808 139.559 AFV 0.932617
79.5986 334.356 134.225 336.157 133.401 361.144 78.7748 359.343 AFV 0.932617
76.0899 477.449 128.257 478.889 127.535 505.051 75.3675 503.611 AFV 0.931641
124.513 58.6757 124.673 83.8627 71.6117 84.1993 71.4519 59.0123 AFV 0.931641
80.0736 361.349 129.598 362.185 129.176 387.151 79.6522 386.315 AFV 0.925781
130.227 192.876 131.488 218.423 76.7731 221.124 75.5123 195.577 AFV 0.924805
126.712 110.031 126.881 136.749 72.4134 137.094 72.2439 110.376 AFV 0.923828
285.386 367.85 334.475 368.528 334.114 394.65 285.025 393.972 AFV 0.920898
75.2522 469.581 75.5005 445.379 128.123 445.919 127.874 470.121 AFV 0.918945
594.677 597.139 614.547 596.713 615.323 632.861 595.453 633.287 CV 0.918945
274.209 544.642 326.396 544.842 326.291 572.358 274.104 572.158 AFV 0.908203
72.0402 566.444 100.147 566.81 99.4598 619.556 71.3528 619.19 AFV 0.905273
279.012 581.775 306.131 581.234 306.988 624.225 279.869 624.766 AFV 0.904297
131.957 377.874 157.925 377.814 158.043 429.126 132.075 429.186 AFV 0.902344
74.2396 412.879 128.236 412.216 128.51 434.621 74.5145 435.284 AFV 0.895508
311.727 592.7 337.283 593.249 336.273 640.3 310.717 639.751 AFV 0.890625
245.177 385.826 274.162 385.737 274.323 438.174 245.338 438.263 AFV 0.882812
131.723 505.248 160.004 505.378 159.777 554.752 131.496 554.622 AFV 0.878906
76.6042 510.475 125.604 510.4 125.646 537.525 76.6458 537.6 AFV 0.858398
237.148 505.099 264.507 505.183 264.352 555.901 236.993 555.817 AFV 0.853027
284.104 139.182 286.112 192.582 259.896 193.568 257.888 140.168 AFV 0.848633
269.507 24.1668 296.57 24.2083 296.493 74.7082 269.43 74.6667 AFV 0.81543
280.91 627.557 301.706 627.733 301.59 641.443 280.794 641.267 AFV 0.793945
68.8796 1.89784 117.31 2.71525 116.87 28.774 68.4398 27.9566 AFV 0.776367
129.867 165.856 131.775 189.215 80.6335 193.394 78.7245 170.035 AFV 0.758789
76.7659 223.513 128.482 223.988 128.234 250.987 76.5175 250.512 AFV 0.687988
79.6498 630.197 122.853 628.174 123.35 638.803 80.1475 640.826 AFV 0.605957
303.167 250.699 338.182 252.526 337.333 268.801 302.318 266.974 AFV 0.303711
