253.638 512.408 276.887 512.657 276.362 561.592 253.113 561.343 SMV 0.919922
278.594 514.509 300.781 514.68 300.406 563.491 278.219 563.32 SMV 0.905273
302.251 517.917 327.218 517.649 327.749 567.083 302.782 567.351 SMV 0.886719
122.935 347.751 169.577 348.896 169.065 369.749 122.423 368.604 CV 0.875
405.117 522.777 429.624 523.867 427.383 574.223 402.876 573.133 SMV 0.834473
350.788 518.407 376.397 518.25 376.712 569.593 351.103 569.75 SMV 0.833496
143.182 282.466 178.914 283.59 178.318 302.534 142.586 301.41 CV 0.728027
121.413 399.816 130.209 450.052 109.462 453.684 100.666 403.448 CV 0.694824
5.28125 610.789 60.5312 610.789 60.5312 631.211 5.28125 631.211 LMV 0.356689
120.983 395.43 130.134 447.697 108.017 451.57 98.8659 399.303 SMV 0.320068
