573.648 602.183 574.455 632.203 514.352 633.817 513.545 603.797 AFV 0.908203
571.528 574.141 573.029 600.395 512.472 603.859 510.971 577.605 AFV 0.890625
242.341 167.988 294.776 170.603 293.659 193.012 241.224 190.397 LMV 0.882812
239.086 130.416 296.648 132.314 295.914 154.584 238.352 152.686 LMV 0.851562
238.403 257.942 289.276 258.371 289.097 279.558 238.224 279.129 LMV 0.805664
343.586 233.861 343.969 256.233 290.914 257.139 290.531 234.767 LMV 0.79541
238.421 234.364 289.945 235.233 289.579 256.886 238.055 256.017 LMV 0.772949
526.593 248.028 527.169 222.91 573.407 223.972 572.831 249.09 SMV 0.714844
343.568 258.321 343.895 281.444 291.932 282.179 291.605 259.056 LMV 0.714355
243.163 208.186 296.287 208.064 296.337 229.814 243.213 229.936 LMV 0.663574
572.561 256.51 573.578 278.893 527.439 280.99 526.422 258.607 SMV 0.550781
353.646 205.571 354.088 228.739 265.354 230.429 264.912 207.261 LMV 0.52832
243.018 100.807 309.764 101.523 309.482 127.818 242.736 127.102 LMV 0.49707
528.48 162.778 576.153 163.948 575.52 189.722 527.847 188.552 MCV 0.400146
528.792 135.358 571.477 135.816 571.208 160.892 528.523 160.434 AFV 0.365967
528.011 163.226 577.948 163.149 577.989 189.774 528.052 189.851 LMV 0.355225
528.735 163.583 578.141 163.355 578.265 190.417 528.859 190.645 AFV 0.306396
8.06514 548.63 24.5003 548.908 23.7161 595.37 7.28096 595.092 MCV 0.305908
528.847 192.31 570.188 193.992 569.153 219.44 527.812 217.758 SMV 0.293457
528.772 135.752 570.084 135.499 570.228 158.998 528.916 159.251 MCV 0.292969
118.736 472.663 142.235 472.933 141.764 513.837 118.265 513.567 SMV 0.269287
