23.787 9.41192 73.017 13.1933 71.088 38.3068 21.858 34.5254 SMV 0.955078
6.21003 125.953 57.0638 130.566 54.5712 158.047 3.71747 153.434 SMV 0.946289
323.01 71.688 372.444 75.2575 370.49 102.312 321.056 98.7425 SMV 0.931641
74.3228 15.2061 123.501 17.2063 122.427 43.6064 73.2491 41.6062 SMV 0.927734
309.014 189.357 361.024 192.311 359.486 219.393 307.476 216.439 SMV 0.923828
320.892 101.261 372.228 104.493 370.608 130.239 319.272 127.007 SMV 0.917969
165.574 -6.36836 214.392 0.372173 210.926 25.4777 162.108 18.7372 SMV 0.915039
157.182 21.6853 211.619 26.9178 208.818 56.0647 154.381 50.8322 SMV 0.905273
328.221 16.5215 378.746 19.1574 377.279 47.291 326.754 44.6551 SMV 0.902344
18.6236 37.0227 70.5148 41.6112 68.1889 67.9148 16.2977 63.3263 SMV 0.898438
68.4223 43.0623 116.72 45.8053 115.328 70.3127 67.0305 67.5697 SMV 0.892578
12.8487 94.7893 62.7166 99.1989 60.1513 128.211 10.2834 123.801 SMV 0.878906
107.141 105.883 157.211 108.227 155.859 137.117 105.789 134.773 SMV 0.864258
561.643 289.903 581.228 289.302 582.357 326.097 562.772 326.698 CV 0.803711
328.967 -2.34724 376.98 -1.02159 376.533 15.1597 328.52 13.8341 SMV 0.753906
3.30242 501.238 48.4236 501.826 48.0726 528.762 2.95141 528.174 CV 0.740723
156.294 509.67 194.626 515.958 190.956 538.33 152.624 532.042 CV 0.635254
422.552 184.491 447.396 186.246 442.448 256.259 417.604 254.504 LMV 0.4375
411.204 269.476 430.371 270.373 428.796 304.024 409.629 303.127 SMV 0.338135
171.223 90.2708 205.369 93.9509 203.277 113.354 169.131 109.674 SMV 0.306641
222.19 522.5 299.389 532.738 295.31 563.5 218.111 553.262 LMV 0.299561
423.4 187.991 447.524 189.751 442.6 257.259 418.476 255.499 CV 0.288086
-0.0115657 230.725 10.0172 230.502 10.7459 263.275 0.717169 263.498 SMV 0.261719
438.98 -0.553339 462.865 0.472838 461.52 31.7721 437.635 30.7459 CV 0.259277
