230.019 454.758 280.415 458.007 278.981 480.242 228.585 476.993 SMV 0.896484
232.292 428.143 279.899 431.838 277.958 456.857 230.351 453.162 SMV 0.888672
176.903 450.142 223.742 454.03 221.847 476.858 175.008 472.97 SMV 0.883789
240.615 394.236 292.462 398.219 290.385 425.264 238.538 421.281 SMV 0.880859
228.531 480.758 279.384 485.371 277.219 509.242 226.366 504.629 SMV 0.874023
218.966 603.134 266.559 607.011 264.534 631.866 216.941 627.989 SMV 0.854492
593.622 331.99 598.759 366.927 506.378 380.51 501.241 345.573 LMV 0.851562
603.552 396.807 609.492 427.869 508.448 447.193 502.508 416.131 LMV 0.841309
577.15 529.575 586.147 563.496 480.85 591.425 471.853 557.504 LMV 0.826172
165.45 624.575 209.535 627.078 208.55 644.425 164.465 641.922 SMV 0.817383
174.859 475.183 220.913 480.075 218.391 503.817 172.337 498.925 SMV 0.816406
189.887 389.215 236.863 392.064 235.363 416.785 188.387 413.936 SMV 0.811523
491.401 400.329 493.095 435.35 383.099 440.671 381.405 405.65 LMV 0.798828
232.342 298.745 301.642 305.462 298.658 336.255 229.358 329.538 LMV 0.791016
602.079 362.697 608.046 396.01 505.921 414.303 499.954 380.99 LMV 0.779297
165.519 593.963 211.672 600.124 208.481 624.037 162.328 617.876 SMV 0.774414
585.532 492.867 594.802 526.876 487.468 556.133 478.198 522.124 LMV 0.770996
207.155 564.602 273.603 569.449 271.345 600.398 204.897 595.551 LMV 0.766602
205.747 508.283 255.669 513.429 252.753 541.717 202.831 536.571 SMV 0.764648
492.664 327.088 497.786 366.16 404.336 378.412 399.214 339.34 LMV 0.755859
486.469 367.215 489.953 400.282 385.531 411.285 382.047 378.218 LMV 0.710938
218.678 629.835 257.757 632.295 257.072 643.165 217.993 640.705 SMV 0.683594
485.786 457.471 496.914 495.501 418.214 518.529 407.086 480.499 MCV 0.525391
191.091 418.369 232.403 424.398 229.159 446.631 187.847 440.602 SMV 0.48877
490.743 428.827 502.573 473.604 415.257 496.673 403.427 451.896 MCV 0.472656
567.933 5.04329 637.066 9.07749 635.067 43.3317 565.934 39.2975 LMV 0.464355
228.31 217.991 297.154 224.876 294.19 254.509 225.346 247.624 LMV 0.368896
250.591 364.485 292.836 366.884 291.409 392.015 249.164 389.616 SMV 0.344482
476.335 562.419 484.109 597.794 403.165 615.581 395.391 580.206 LMV 0.279053
