128.452 37.7198 164.731 38.1093 164.548 55.0927 128.269 54.7032 CV 0.882812
563.315 315.736 586.283 316.018 585.685 364.764 562.717 364.482 SMV 0.864258
128.575 57.3009 161.635 57.7317 161.425 73.8241 128.365 73.3933 CV 0.856445
534.646 371.996 559.266 372.45 558.354 422.004 533.734 421.55 SMV 0.84375
128.299 16.5405 162.861 16.3815 162.951 35.9907 128.389 36.1497 CV 0.834473
534.461 316.556 559.239 316.917 558.539 364.944 533.761 364.583 SMV 0.81543
535.955 428.908 561.749 429.284 561.045 477.592 535.251 477.216 SMV 0.782715
561.282 371.74 586.156 371.95 585.718 423.76 560.844 423.55 SMV 0.731934
562.951 431.142 586.761 431.489 586.049 480.358 562.239 480.011 SMV 0.72998
532.989 259.264 558.17 259.843 557.011 310.236 531.83 309.657 SMV 0.720703
564.978 262.568 587.571 262.81 587.022 313.932 564.429 313.69 SMV 0.62207
562.571 145.642 586.992 145.923 586.429 194.858 562.008 194.577 SMV 0.605469
561.337 207.123 586.443 207.508 585.663 258.377 560.557 257.992 SMV 0.592773
561.555 372.983 585.898 373.207 585.445 422.517 561.102 422.293 AFV 0.508789
122.752 152.666 161.438 153.022 161.248 173.584 122.562 173.228 CV 0.501953
562.071 145.027 585.6 145.352 584.929 193.973 561.4 193.648 LMV 0.439941
530.179 144.45 554.522 144.301 554.821 193.05 530.478 193.199 LMV 0.355225
529.935 144.707 556.527 144.421 557.065 194.543 530.473 194.829 SMV 0.31958
209.152 24.5233 229.645 23.9891 230.598 60.5392 210.105 61.0734 CV 0.296875
