218.75 288.984 267.043 304.887 260.25 325.516 211.957 309.613 AFV 0.960938
219.77 265.436 267.647 280.069 261.23 301.064 213.354 286.431 AFV 0.960938
219.832 185.423 268.462 202.938 260.668 224.577 212.038 207.062 AFV 0.959961
219.047 313.74 267.137 329.954 259.953 351.26 211.863 335.046 AFV 0.959961
219.15 159.11 267.413 177.081 259.85 197.39 211.587 179.419 AFV 0.956055
215.452 57.6569 263.23 71.0694 257.048 93.0931 209.27 79.6806 AFV 0.955078
215.097 411.579 261.69 424.586 256.153 444.421 209.56 431.414 AFV 0.948242
218.312 240.574 266.25 255.112 259.938 275.926 212 261.388 AFV 0.948242
219.297 212.418 266.717 228.072 259.203 250.832 211.783 235.178 AFV 0.945312
220.863 134.71 267.419 153.285 259.637 172.79 213.081 154.215 AFV 0.939453
216.855 387.102 266.191 402.723 259.645 423.398 210.309 407.777 AFV 0.939453
424.057 207.076 429.972 227.291 385.943 240.174 380.028 219.959 AFV 0.935547
419.655 469.776 424.571 490.867 375.845 502.224 370.929 481.133 AFV 0.932617
216.158 82.3364 264.1 98.5008 257.092 119.289 209.15 103.124 AFV 0.927734
427.88 133.144 433.152 152.048 388.12 164.606 382.848 145.702 AFV 0.927734
217.88 557.667 265.465 570.364 259.87 591.333 212.285 578.636 AFV 0.925781
417.32 446.221 421.82 466.797 376.18 476.779 371.68 456.203 AFV 0.924805
216.071 534.234 265.355 544.661 260.679 566.766 211.395 556.339 AFV 0.923828
416.775 421.91 421.666 442.622 375.225 453.59 370.334 432.878 AFV 0.918945
418.884 286.186 426.657 308.413 382.616 323.814 374.843 301.587 AFV 0.916016
424.677 181.886 429.745 202.104 384.823 213.364 379.755 193.146 AFV 0.916016
213.018 29.1705 261.454 43.8973 254.482 66.8295 206.046 52.1027 AFV 0.912109
421.057 339.886 426.601 361.822 379.943 373.614 374.399 351.678 AFV 0.910156
416.412 519.824 422.677 542.036 376.088 555.176 369.823 532.964 AFV 0.90918
417.477 365.998 423.555 385.903 379.023 399.502 372.945 379.597 AFV 0.908203
420.543 234.362 426.848 254.655 383.457 268.138 377.152 247.845 AFV 0.908203
426.853 105.9 432.024 128.279 384.647 139.225 379.476 116.846 AFV 0.905273
417.498 494.48 423.074 515.584 376.002 528.02 370.426 506.916 AFV 0.904297
420.756 314.689 426.36 336.416 380.244 348.311 374.64 326.584 AFV 0.901367
425.559 81.5001 430.602 102.304 385.441 113.25 380.398 92.446 AFV 0.898438
425.579 0.845997 433.424 22.2007 390.421 37.9978 382.576 16.643 AFV 0.848633
0.335707 0.196283 28.1164 0.366693 27.9612 25.6787 0.180441 25.5083 AFV 0.347656
