218.757 543.503 235.834 543.686 235.493 575.497 218.416 575.314 CV 0.932617
299.083 540.977 317.828 541.408 316.917 581.023 298.172 580.592 CV 0.923828
168.54 497.187 186.383 497.378 185.96 536.813 168.117 536.622 CV 0.921875
342.431 544.984 360.241 545.271 359.569 587.016 341.759 586.729 CV 0.917969
418.606 540.887 435.165 540.557 435.894 577.113 419.335 577.443 CV 0.910156
162.481 545.513 179.465 545.487 179.519 580.487 162.535 580.513 CV 0.90918
299.921 501.679 317.201 501.48 317.579 534.321 300.299 534.52 CV 0.907227
193.285 496.664 212.097 496.837 211.715 538.336 192.903 538.163 CV 0.90625
276.488 543.312 293.126 543.631 292.512 575.688 275.874 575.369 CV 0.904297
183.692 544.028 201.549 544.288 201.058 577.972 183.201 577.712 CV 0.902344
215.995 492.074 236.177 491.595 237.255 536.926 217.073 537.405 CV 0.898438
321.927 546.954 338.73 547.534 337.573 581.046 320.77 580.466 CV 0.896484
328.351 496.446 346.831 496.063 347.649 535.554 329.169 535.937 CV 0.894531
369.838 545.386 387.897 545.746 387.162 582.614 369.103 582.254 CV 0.893555
507.641 538.608 524.485 538.673 524.359 571.392 507.515 571.327 CV 0.885742
26.5639 540.944 47.2166 540.564 47.9986 583.056 27.3459 583.436 CV 0.885742
77.7549 542.156 96.6293 542.315 96.2451 587.844 77.3707 587.685 CV 0.883789
100.518 547.987 117.455 547.857 117.732 584.013 100.795 584.143 CV 0.883789
256.052 540.498 273.549 540.82 272.948 573.502 255.451 573.18 CV 0.879883
139.672 544.209 159.452 544.012 159.828 581.791 140.048 581.988 CV 0.876953
51.1154 541.065 68.7969 540.604 69.8221 579.935 52.1406 580.396 CV 0.87207
447.965 544.162 464.698 543.996 465.035 577.838 448.302 578.004 CV 0.87207
121.047 544.939 138.202 544.689 138.703 579.061 121.548 579.311 CV 0.868164
393.893 542.986 412.327 542.646 413.107 585.014 394.673 585.354 CV 0.863281
422.956 497.393 440.456 496.641 442.044 533.607 424.544 534.359 CV 0.863281
312.591 260.127 331.049 259.49 332.409 298.873 313.951 299.51 SMV 0.863281
398.149 503.643 413.971 503.182 414.851 533.357 399.029 533.818 CV 0.861328
275.3 19.1325 295.579 18.2767 297.2 56.68 276.921 57.5358 CV 0.860352
352.11 494.294 373.685 493.93 374.39 535.706 352.815 536.07 CV 0.858887
44.5741 262.58 66.461 262.177 67.2384 304.42 45.3515 304.823 SMV 0.858398
486.963 538.083 503.945 537.797 504.537 572.917 487.555 573.203 CV 0.858398
369.711 10.2827 391.073 9.5288 392.789 58.1548 371.427 58.9087 CV 0.850586
469.991 499.531 486.501 498.695 488.009 528.469 471.499 529.305 CV 0.848633
376.975 501.073 393.078 500.628 394.025 534.927 377.922 535.372 CV 0.84375
4.83584 546.478 22.3021 546.183 22.8985 581.522 5.43228 581.817 CV 0.836914
230.616 262.102 252.859 261.539 254.134 311.898 231.891 312.461 LMV 0.832031
412.2 356.795 435.339 356.582 435.8 406.705 412.661 406.918 LMV 0.825684
323.727 345.176 349.537 344.86 350.273 404.824 324.463 405.14 LMV 0.822266
346.982 10.208 368.755 9.18868 371.018 57.542 349.245 58.5613 CV 0.819336
203.387 264.815 226.992 264.381 227.863 311.685 204.258 312.119 LMV 0.811523
396.325 8.71368 417.317 8.11808 418.675 55.9738 397.683 56.5694 CV 0.800781
211.243 346.725 240.657 346.071 242.007 406.775 212.593 407.429 LMV 0.797852
340.017 259.917 360.478 258.943 362.483 301.083 342.022 302.057 SMV 0.79248
450.304 501.347 466.443 500.318 468.696 535.653 452.557 536.682 CV 0.79248
300.114 21.9925 320.091 20.7655 322.386 58.1325 302.409 59.3595 CV 0.782715
352.968 343.717 378.775 343.202 380.032 406.283 354.225 406.798 LMV 0.779297
323.821 17.74 344.881 16.544 347.179 57.01 326.119 58.206 CV 0.774414
175.416 263.351 200.254 262.817 201.334 313.149 176.496 313.683 LMV 0.757812
150.999 33.8777 187.801 33.0026 188.251 51.9348 151.449 52.8099 SMV 0.714844
252.513 15.0062 272.081 14.3909 273.487 59.1188 253.919 59.7341 CV 0.703125
297.561 344.694 319.146 344.081 320.939 407.306 299.354 407.919 LMV 0.693359
621.463 200.226 639.048 199.673 640.537 247.024 622.952 247.577 LMV 0.685059
149.872 258.64 172.27 258.004 173.628 305.86 151.23 306.496 LMV 0.679688
392.076 258.6 412.595 257.892 413.924 296.4 393.405 297.108 SMV 0.67041
4.20003 261.265 30.8381 260.897 31.5812 314.735 4.94313 315.103 LMV 0.646484
148.848 257.663 174.171 257.159 175.152 306.337 149.829 306.841 SMV 0.525391
167.432 378.172 185.555 377.894 186.068 411.328 167.945 411.606 SMV 0.373047
189.207 378.518 206.051 378.389 206.293 409.982 189.449 410.111 SMV 0.28125
