68.0056 207.918 92.7756 216.607 70.2444 280.832 45.4744 272.143 LMV 0.911133
203.133 -0.84423 223.07 -0.890092 223.117 19.313 203.18 19.3588 SMV 0.904297
177.88 0.316395 197.626 -0.0925236 198.12 23.793 178.374 24.2019 SMV 0.902344
48.1749 5.3516 53.6998 47.491 31.7626 50.3672 26.2377 8.22779 SMV 0.893555
216.218 184.442 242.563 192.544 221.032 262.558 194.687 254.456 LMV 0.875
246.517 179.8 273.552 187.998 251.733 259.95 224.698 251.752 LMV 0.874023
145.311 -2.55296 150.701 32.2192 128.189 35.7092 122.799 0.937089 SMV 0.87207
155.496 193.187 181.421 201.374 160.754 266.813 134.829 258.626 LMV 0.870117
71.8996 2.78807 77.7405 41.9802 56.4754 45.1494 50.6345 5.95729 SMV 0.857422
24.3758 7.45767 29.3766 50.4805 6.53047 53.1361 1.5296 10.1133 SMV 0.853027
122.858 -2.85418 126.904 36.281 105.642 38.4792 101.596 -0.655962 SMV 0.848633
93.6847 110.92 121.184 118.64 101.69 188.08 74.1909 180.36 LMV 0.847168
129.013 446.35 186.449 524.982 167.737 538.65 110.301 460.017 LMV 0.839355
403.659 153.783 429.531 163.287 403.841 233.217 377.969 223.713 LMV 0.838867
185.813 190.066 210.685 197.259 191.187 264.684 166.315 257.491 LMV 0.837891
63.5406 114.012 90.71 121.461 72.3344 188.488 45.165 181.039 LMV 0.823242
311.884 167.894 336.886 177.183 312.116 243.856 287.114 234.567 LMV 0.81543
35.797 119.259 60.2026 125.611 43.6405 189.241 19.2349 182.889 LMV 0.813477
548.151 374.996 601.996 455.528 578.849 471.004 525.004 390.472 LMV 0.812012
128.738 104.863 155.471 113.601 131.762 186.137 105.029 177.399 LMV 0.802246
153.786 -0.412482 175.799 0.465362 174.714 27.6781 152.701 26.8003 SMV 0.798828
433.291 150.857 458.036 159.62 432.709 231.143 407.964 222.38 LMV 0.796875
264.101 422.39 319.601 501.41 294.399 519.11 238.899 440.09 LMV 0.795898
338.042 417.102 386.6 495.906 361.458 511.398 312.9 432.594 LMV 0.780762
249.71 87.5251 272.575 94.6114 259.29 137.475 236.425 130.389 SMV 0.776367
279.206 172.497 304.815 181.39 280.294 252.003 254.685 243.11 LMV 0.769531
239.227 433.27 290.207 510.003 262.773 528.23 211.793 451.497 LMV 0.769043
298.873 422.431 353.075 501.893 328.627 518.569 274.425 439.107 LMV 0.765625
174.97 433.339 219.699 517.645 193.28 531.661 148.551 447.355 LMV 0.762695
403.1 300.62 462.525 376.018 442.4 391.88 382.975 316.482 LMV 0.761719
77.1396 470.099 135.203 552.512 113.36 567.901 55.2975 485.488 LMV 0.757812
97.0727 -4.04486 104.07 38.0969 82.5523 41.6699 75.5548 -0.471874 SMV 0.747559
371.763 156.204 398.915 164.554 377.237 235.046 350.085 226.696 LMV 0.726562
571.428 365.983 633.971 452.492 614.572 466.517 552.029 380.008 LMV 0.724121
41.5747 195.806 66.0603 203.975 43.5503 271.444 19.0647 263.275 LMV 0.71875
399.514 71.0159 425.868 79.9018 401.986 150.734 375.632 141.848 LMV 0.714844
481.158 388.93 544.128 465.16 521.842 483.57 458.872 407.34 LMV 0.712891
517.845 386.188 574.503 463.995 554.155 478.812 497.497 401.005 LMV 0.710449
553.62 309.068 647.417 425.482 626.38 442.432 532.583 326.018 LMV 0.708496
106.59 459.203 157.386 532.74 137.035 546.797 86.2391 473.26 LMV 0.696777
374.236 314.532 434.699 385.934 415.764 401.968 355.301 330.566 LMV 0.675293
347.49 318.14 409.891 391.831 388.01 410.36 325.609 336.669 LMV 0.652344
362.627 410.678 414.62 491.826 388.873 508.322 336.88 427.174 LMV 0.616211
450.228 317.071 494.465 368.797 476.772 383.929 432.535 332.203 LMV 0.579102
126.614 193.108 152.295 201.239 130.636 269.642 104.955 261.511 LMV 0.523438
227.518 -0.567013 247.218 -0.899512 247.482 14.7233 227.782 15.0558 SMV 0.522461
458.529 151.077 483.832 160.499 459.471 225.923 434.168 216.501 LMV 0.481934
399.056 403.439 451.569 478.675 425.944 496.561 373.431 421.325 MCV 0.476562
403.112 408.275 452.279 484.848 429.888 499.225 380.721 422.652 LMV 0.46582
433.511 298.825 493.009 370.14 474.989 385.175 415.491 313.86 LMV 0.443359
465.32 289.221 528.888 366.174 508.18 383.279 444.612 306.326 MCV 0.435303
186.881 103.181 208.06 109.25 197.869 144.819 176.69 138.75 SMV 0.312012
612.081 381.094 659.744 441.569 640.919 456.406 593.256 395.931 LMV 0.268799
214.442 96.3915 239.276 99.5305 234.558 136.858 209.724 133.72 SMV 0.259521
252.501 -0.457956 272.453 -0.549751 272.499 9.45014 252.547 9.54194 SMV 0.254395
