176.851 576.676 190.427 615.495 170.899 622.324 157.323 583.505 SMV 0.935547
463.507 540.724 488.529 612.95 464.493 621.276 439.471 549.05 LMV 0.921875
519.323 533.722 543.425 592.335 521.677 601.278 497.575 542.665 LMV 0.907227
440.112 558.96 462.403 617.684 440.388 626.04 418.097 567.316 LMV 0.900391
416.279 566.486 438.227 624.137 416.221 632.514 394.273 574.863 LMV 0.893555
197.993 569.154 212.454 608.519 192.507 615.846 178.046 576.481 SMV 0.886719
515.858 429.469 560.425 481.735 540.142 499.031 495.575 446.765 LMV 0.884766
567.049 510.56 587.717 574.424 562.951 582.44 542.283 518.576 LMV 0.878906
330.211 579.709 354.488 637.301 330.789 647.291 306.512 589.699 LMV 0.87793
484.691 530.968 515.046 598.867 492.309 609.032 461.954 541.133 LMV 0.865723
373.429 485.721 435.71 537.117 419.071 557.279 356.79 505.883 LMV 0.861328
486.453 434.933 527.154 489.251 506.047 505.067 465.346 450.749 LMV 0.854004
224.433 367.004 247.133 438.093 220.817 446.496 198.117 375.407 LMV 0.830078
34.1002 436.765 62.2375 506.152 39.8373 515.235 11.7 445.848 LMV 0.823242
393.105 569.964 414.254 635.315 390.395 643.036 369.246 577.685 LMV 0.822266
420.314 453.048 477.513 514.99 459.686 531.452 402.487 469.51 LMV 0.818359
250.968 363.083 273.736 443.809 248.532 450.917 225.764 370.191 LMV 0.817871
131.806 402.417 161.115 482.204 136.944 491.083 107.635 411.296 LMV 0.806641
302.329 590.509 327.136 638.966 302.671 651.491 277.864 603.034 LMV 0.790527
101.768 408.714 132.476 487.973 105.857 498.286 75.1493 419.027 LMV 0.77832
56.9132 428.099 86.5461 508.766 64.3993 516.901 34.7664 436.234 LMV 0.771484
156.14 583.915 169.912 623.924 149.11 631.085 135.338 591.076 SMV 0.766602
162.139 386.041 198.807 466.999 174.611 477.959 137.943 397.001 LMV 0.758789
359.37 574.576 382.837 641.055 359.13 649.424 335.663 582.945 LMV 0.751953
184.028 237.58 261.895 243.925 259.472 273.67 181.605 267.325 LMV 0.686035
8.06406 444.998 35.6823 514.862 15.0922 523.002 -12.5261 453.138 LMV 0.610352
286.771 521.473 357.213 571.567 343.729 590.527 273.287 540.433 LMV 0.600586
226.937 551.706 255.942 624.247 230.813 634.294 201.808 561.753 LMV 0.549805
237.782 624.468 262.356 627.134 260.468 644.532 235.894 641.866 LMV 0.387695
