95.3257 381.546 107.455 420.58 88.5493 426.454 76.4205 387.42 SMV 0.947266
591.536 152.62 602.219 192.269 580.464 198.13 569.781 158.481 SMV 0.923828
117.851 370.568 132.665 412.927 109.774 420.932 94.9603 378.573 SMV 0.917969
433.783 209.349 448.953 251.15 426.217 259.401 411.047 217.6 SMV 0.914062
614.953 141.39 624.953 181.957 604.047 187.11 594.047 146.543 SMV 0.902344
128.143 274.875 135.067 295.378 94.357 309.125 87.433 288.622 SMV 0.900391
119.068 247.812 125.525 269.562 81.3068 282.688 74.8504 260.938 SMV 0.898438
568.065 160.722 578.219 200.896 555.935 206.528 545.781 166.354 SMV 0.896484
34.4474 404.144 47.3468 447.288 23.7088 454.356 10.8095 411.212 SMV 0.893555
74.9491 389.869 87.3805 429.333 65.8009 436.131 53.3695 396.667 SMV 0.893555
109.301 224.759 116.484 248.362 71.699 261.991 64.5163 238.388 SMV 0.892578
408.2 222.201 422.112 262.359 402.8 269.049 388.888 228.891 SMV 0.889648
479.17 193.23 492.737 236.005 469.83 243.27 456.263 200.495 SMV 0.886719
387.125 226.725 400.973 267.731 379.375 275.025 365.527 234.019 SMV 0.861328
246.245 319.79 254.393 361.948 229.755 366.71 221.607 324.552 SMV 0.84375
147.503 201.857 157.299 224.909 116.747 242.143 106.951 219.091 SMV 0.816406
498.015 185.691 511.952 224.449 491.485 231.809 477.548 193.051 SMV 0.811523
188.16 343.875 201.522 387.63 175.34 395.625 161.978 351.87 SMV 0.789062
366.043 -1.98913 373.264 22.3367 320.957 37.8641 313.736 13.5383 MCV 0.687988
353.824 466.198 359.817 482.223 322.176 496.302 316.183 480.277 SMV 0.649902
379.28 36.8985 386.593 56.5675 334.22 76.039 326.907 56.37 MCV 0.649902
484.184 399.814 495.88 425.975 404.816 466.686 393.12 440.525 CV 0.581055
249.654 574.909 272.106 634.408 249.096 643.091 226.644 583.592 LMV 0.501465
225.447 583.738 246.656 634.89 224.053 644.262 202.844 593.11 LMV 0.499023
9.25566 183.042 35.0777 265.86 5.90059 274.958 -19.9215 192.14 LMV 0.446777
300.909 486.393 306.773 502.749 275.091 514.107 269.227 497.751 SMV 0.4375
268.394 570.335 288.96 621.48 268.606 629.665 248.04 578.52 SMV 0.297119
424.678 500.219 434.042 523.905 388.822 541.781 379.458 518.095 SMV 0.26709
