470.235 314.718 513.867 383.554 488.265 399.782 444.633 330.946 LMV 0.836914
528.027 258.749 584.099 334.038 558.973 352.751 502.901 277.462 LMV 0.826172
554.482 243.74 608 315.163 586.518 331.26 533 259.837 LMV 0.80957
335.377 411.102 385.319 470.609 364.123 488.398 314.181 428.891 LMV 0.782715
605.564 200.414 646.502 251.224 627.436 266.586 586.498 215.776 LMV 0.773926
442.942 340.502 488.02 397.125 463.058 416.998 417.98 360.375 LMV 0.768555
381.072 373.989 426.983 440.873 404.928 456.011 359.017 389.127 LMV 0.750977
442.152 563.372 460.358 585.744 411.348 625.628 393.142 603.256 LMV 0.750977
492.284 285.656 552.545 346.836 531.216 367.844 470.955 306.664 LMV 0.728027
300.034 451.753 344.907 504.744 322.466 523.747 277.593 470.756 LMV 0.710938
597.514 578.174 642.008 578.925 641.486 609.826 596.992 609.075 LMV 0.677734
615.888 607.575 641.011 608.52 640.112 632.425 614.989 631.48 LMV 0.492676
581.815 213.052 627.673 275.451 603.185 293.448 557.327 231.049 LMV 0.450684
607.191 428.953 656.507 481.068 633.809 502.547 584.493 450.432 LMV 0.438965
622.678 185.418 658.527 223.301 641.322 239.582 605.473 201.699 SMV 0.346436
