233.19 340.971 274.807 345.004 273.06 363.029 231.443 358.996 LMV 0.775391
245.451 225.487 285.377 229.479 283.549 247.763 243.623 243.771 LMV 0.733887
232.428 364.195 270.694 367.075 269.322 385.305 231.056 382.425 SMV 0.6875
241.96 274.426 278.473 277.286 277.04 295.574 240.527 292.714 SMV 0.644043
294.251 577.485 314.843 577.801 314.249 616.515 293.657 616.199 AFV 0.630371
238.863 296.846 277.006 298.69 276.137 316.654 237.994 314.81 LMV 0.573242
241.217 274.863 279.42 277.298 278.283 295.137 240.08 292.702 LMV 0.492188
239.102 297.009 276.97 299.305 275.898 316.991 238.03 314.695 SMV 0.46875
-0.878471 545.958 32.4648 546.137 32.3472 568.042 -0.996048 567.863 LMV 0.464355
419.376 183.458 507.697 190.79 505.124 221.792 416.803 214.46 LMV 0.270996
512.882 197.957 585.786 202.77 584.118 228.043 511.214 223.23 LMV 0.269043
