320.453 213.288 337.031 251.877 317.047 260.462 300.469 221.873 SMV 0.927734
298.766 219.092 315.728 261.514 294.734 269.908 277.772 227.486 SMV 0.921875
276.538 228.605 292.634 269.556 273.962 276.895 257.866 235.944 SMV 0.898438
211.095 260.627 231.389 296.97 213.655 306.873 193.361 270.53 SMV 0.89502
171.571 277.916 188.1 316.288 167.679 325.084 151.15 286.712 SMV 0.875977
89.329 505.301 94.7486 520.654 57.796 533.699 52.3764 518.346 CV 0.861328
257.561 237.141 272.453 277.68 250.189 285.859 235.297 245.32 SMV 0.851562
193.139 269.138 208.907 306.646 189.361 314.862 173.593 277.354 SMV 0.847168
343.715 202.847 360.113 242.395 337.785 251.653 321.387 212.105 SMV 0.836914
109.478 557.697 114.759 574.463 83.5223 584.303 78.2409 567.537 CV 0.828613
95.5485 526.872 99.6185 541.803 69.0765 550.128 65.0065 535.197 CV 0.810547
185.982 164.394 198.757 202.101 181.768 207.856 168.993 170.149 CV 0.802246
372.722 251.823 379.07 275.292 333.278 287.677 326.93 264.208 SMV 0.755859
233.4 246.019 253.229 285.997 233.1 295.981 213.271 256.003 SMV 0.749023
327.182 78.6755 331.42 94.6542 297.318 103.7 293.08 87.7208 CV 0.746094
67.1131 469.645 73.492 485.874 43.0119 497.855 36.633 481.626 CV 0.724121
338.062 329.913 347.21 357.992 259.438 386.587 250.29 358.508 LMV 0.720703
326.876 268.802 335.895 293.354 294.124 308.698 285.105 284.146 SMV 0.692871
53.1099 422.312 60.0494 441.203 24.7026 454.188 17.7631 435.297 CV 0.680176
221.356 151.373 234.065 180.877 218.394 187.627 205.685 158.123 CV 0.646484
280.596 123.675 292.865 154.713 277.404 160.825 265.135 129.787 CV 0.561523
378.365 285.619 385.42 306.853 322.135 327.881 315.08 306.647 LMV 0.412842
342.168 301.071 348.318 322.714 305.332 334.929 299.182 313.286 SMV 0.347412
300.267 117.794 313.091 148.979 296.733 155.706 283.909 124.521 CV 0.297119
240.023 144.153 253.825 171.98 239.477 179.097 225.675 151.27 CV 0.259521
74.1297 204.069 92.51 234.695 75.8703 244.681 57.49 214.055 SMV 0.254395
