411.428 193.035 423.013 214.871 378.072 238.715 366.487 216.879 LMV 0.817871
425.08 219.672 436.362 240.838 390.42 265.328 379.138 244.162 LMV 0.748047
585.843 298.48 598.423 319.395 554.157 346.02 541.577 325.105 LMV 0.712891
357.221 11.5568 380.063 20.5869 349.779 97.1932 326.937 88.1631 LMV 0.711426
355.52 135.401 366.889 157.771 321.48 180.849 310.111 158.479 LMV 0.661621
381.197 292.293 389.07 306.168 360.803 322.207 352.93 308.332 CV 0.642578
557.696 255.95 569.324 275.63 526.304 301.05 514.676 281.37 LMV 0.616211
388.961 10.7288 412.104 19.6758 397.039 58.6462 373.896 49.6992 LMV 0.529297
539.563 232.51 552.031 252.743 509.437 278.99 496.969 258.757 LMV 0.523438
612.993 341.838 626.755 362.84 582.007 392.162 568.245 371.16 LMV 0.37793
