599.379 249.847 599.857 267.653 562.621 268.653 562.143 250.847 CV 0.895508
276.338 209.438 276.38 192.219 314.162 192.312 314.12 209.531 CV 0.895508
311.728 169.094 312.135 184.26 278.772 185.156 278.365 169.99 CV 0.889648
578.698 111.444 579.763 127.111 549.302 129.181 548.237 113.514 CV 0.883789
543.21 62.5328 581.551 62.0624 581.79 81.5922 543.449 82.0626 CV 0.87793
597.064 202.214 598.516 221.863 558.936 224.786 557.484 205.137 CV 0.858887
595.857 292.673 596.123 308.28 564.143 308.827 563.877 293.22 CV 0.858398
597.324 271.213 597.848 288.236 563.676 289.287 563.152 272.264 CV 0.845703
585.768 179.77 586.251 197.763 550.232 198.73 549.749 180.737 CV 0.839355
357.662 461.012 359.893 483.903 292.338 490.488 290.107 467.597 LMV 0.81543
591.189 227.566 591.99 243.796 558.811 245.434 558.01 229.204 CV 0.81543
361.311 492.811 362.653 517.556 295.689 521.189 294.347 496.444 LMV 0.812012
282.157 332.182 282.539 315.53 316.843 316.318 316.461 332.97 CV 0.802246
578.161 86.7953 578.307 104.435 545.839 104.705 545.693 87.0647 CV 0.797852
276.521 123.596 304.54 124.413 303.979 143.654 275.96 142.837 CV 0.769043
308.783 232.428 309.026 249.614 276.717 250.072 276.474 232.886 CV 0.745605
278.977 271.376 279.476 254.071 316.023 255.124 315.524 272.429 CV 0.705566
472.42 252.355 492.356 253.487 491.58 267.145 471.644 266.013 CV 0.37793
