65.5956 549.516 127.645 550.801 127.154 574.484 65.1052 573.199 LMV 0.917969
69.3808 397.402 130.002 398.053 129.744 422.098 69.1227 421.447 LMV 0.916992
69.649 364.785 128.952 365.876 128.476 391.715 69.1735 390.624 LMV 0.908203
66.2371 577.123 128.471 578.555 127.888 603.877 65.6544 602.445 LMV 0.897461
67.1625 518.712 131.272 520.138 130.712 545.288 66.6033 543.862 LMV 0.897461
160.358 583.507 206.244 584.845 205.642 605.493 159.756 604.155 LMV 0.858887
67.8398 457.736 130.996 457.639 131.035 483.264 67.8791 483.361 LMV 0.858887
160.4 555.839 207.066 557.235 206.35 581.161 159.684 579.765 LMV 0.851562
150.418 474.822 208.442 475.712 208.082 499.178 150.058 498.288 LMV 0.850586
69.3949 424.498 133.77 424.596 133.73 450.502 69.3552 450.404 LMV 0.827148
526.154 434.719 527.177 461.918 464.346 464.281 463.323 437.082 LMV 0.81543
147.892 503.878 208.576 504.436 208.358 528.122 147.674 527.564 LMV 0.802246
62.969 512.609 63.5485 487.365 130.031 488.891 129.451 514.135 LMV 0.770996
160.289 608.945 208.851 609.243 208.711 632.055 160.149 631.757 LMV 0.767578
72.6811 212.25 105.109 213.021 104.694 230.5 72.2655 229.729 SMV 0.75
71.9558 280.396 119.112 280.541 119.044 302.604 71.8882 302.459 LMV 0.685547
71.9366 256.01 108.086 255.29 108.438 272.99 72.2893 273.71 LMV 0.630371
73.6402 188.405 107.886 188.956 107.61 206.095 73.3643 205.544 SMV 0.619141
71.5585 255.792 111.43 255.241 111.691 274.208 71.8203 274.759 SMV 0.444336
159.805 632.199 209.861 632.966 209.695 643.801 159.639 643.034 LMV 0.336914
