390.758 286.467 451.5 292.074 449.242 316.533 388.5 310.926 LMV 0.870605
385.587 320.144 445.818 322.593 444.913 344.856 384.682 342.407 LMV 0.84375
199.84 460.333 215.091 461.011 213.66 493.167 198.409 492.489 CV 0.831543
102.903 310.176 120.844 311.167 118.597 351.824 100.656 350.833 CV 0.812012
154.801 456.467 168.41 456.019 169.449 487.533 155.84 487.981 CV 0.807617
626.927 286.264 642.828 287.094 641.073 320.736 625.172 319.906 LMV 0.507324
322.806 251.5 342.65 251.469 342.694 280.5 322.85 280.531 SMV 0.504883
620.464 369.1 639.738 370.313 638.536 389.4 619.262 388.187 LMV 0.455566
306.096 423.587 324.539 424.181 323.404 459.413 304.961 458.819 SMV 0.35376
346.585 16.3225 368.068 17.1792 366.415 58.615 344.932 57.7583 LMV 0.304688
