169.478 76.4078 232.086 77.8487 231.522 102.342 168.914 100.901 LMV 0.90625
43.2022 318.635 43.4885 290.731 105.298 291.365 105.011 319.269 LMV 0.89502
171.309 286.629 171.633 260.147 230.941 260.871 230.617 287.353 LMV 0.886719
169.358 46.6723 228.606 47.1723 228.392 72.5152 169.144 72.0152 LMV 0.886719
38.6377 129.714 39.3565 104.771 100.612 106.536 99.8935 131.479 LMV 0.883789
230.9 291.86 230.913 318.11 168.85 318.14 168.837 291.89 LMV 0.883789
230.166 228.954 230.178 254.767 170.584 254.796 170.572 228.983 LMV 0.874023
37.4984 228.529 37.5643 201.56 103.377 201.721 103.311 228.69 LMV 0.874023
101.782 166.772 102.33 194.172 37.0933 195.478 36.5448 168.078 LMV 0.866211
42.5514 287.853 42.8268 261.011 104.824 261.647 104.548 288.489 LMV 0.866211
37.861 101.386 38.2712 74.295 100.639 75.2394 100.229 102.33 LMV 0.864746
228.119 197.622 228.5 224.51 167.131 225.378 166.75 198.49 LMV 0.861328
195.858 346.867 215.031 346.132 216.642 388.133 197.469 388.868 CV 0.860352
167.648 16.011 227.46 16.2861 227.352 39.8015 167.54 39.5264 LMV 0.854004
289.917 352.1 308.308 352.213 308.083 388.9 289.692 388.787 CV 0.849609
40.0008 16.5499 103.859 18.0196 103.249 44.5126 39.3911 43.0429 LMV 0.832031
315.075 355.089 332.325 355.036 332.425 387.411 315.175 387.464 CV 0.829102
216.811 345.196 236.775 344.001 239.189 384.304 219.225 385.499 CV 0.819824
263.934 448.928 284.882 447.996 287.066 497.072 266.118 498.004 CV 0.81543
194.748 455.646 212.473 455.062 213.752 493.854 196.027 494.438 CV 0.806641
242.303 352.29 261.628 351.964 262.197 385.71 242.872 386.036 CV 0.779297
289.429 448.138 309.112 447.746 310.071 495.862 290.388 496.254 CV 0.773926
37.2356 380.083 38.1779 352.13 106.014 354.417 105.072 382.37 LMV 0.771484
265.022 354.114 281.818 354.294 281.478 385.886 264.682 385.706 CV 0.754883
165.156 128.385 166.296 104.819 231.844 107.99 230.704 131.556 LMV 0.740234
315.302 452.227 334.576 451.725 335.698 494.773 316.424 495.275 CV 0.738281
219.532 459.546 237.411 458.915 238.718 495.954 220.839 496.585 CV 0.734375
240.987 453.828 260.351 452.549 263.263 496.672 243.899 497.951 CV 0.722656
69.2009 473.93 105.187 472.936 105.674 490.57 69.6878 491.564 SMV 0.619141
172.487 349.893 190.69 349.139 192.263 387.107 174.06 387.861 CV 0.613281
39.6017 -2.55593 101.57 -2.36587 101.523 12.8841 39.5549 12.694 LMV 0.576172
171.732 -0.816607 227.667 -1.24551 227.768 11.9416 171.833 12.3705 LMV 0.557129
578.03 478.347 596.415 477.472 597.97 510.153 579.585 511.028 MCV 0.362549
598.386 479.092 619.719 478.422 620.614 506.908 599.281 507.578 MCV 0.283203
