510.021 547.149 534.172 547.612 532.979 609.851 508.828 609.388 LMV 0.926758
431.8 248.919 454.275 254.62 439.7 312.081 417.225 306.38 LMV 0.920898
561.526 29.0383 582.647 29.9458 580.474 80.5242 559.353 79.6167 LMV 0.916992
533.4 428.117 556.329 428.75 554.6 491.383 531.671 490.75 LMV 0.914062
532.012 28.5027 554.009 29.4142 551.988 78.1848 529.991 77.2733 LMV 0.912109
476.202 547.3 500.513 547.579 499.798 609.7 475.487 609.421 LMV 0.907227
505.76 24.945 528.609 26.0497 526.24 75.055 503.391 73.9503 LMV 0.90625
459.167 255.26 480.707 260.584 466.333 318.74 444.793 313.416 LMV 0.896484
508.077 424.862 531.25 425.679 528.923 491.638 505.75 490.821 LMV 0.894531
180.969 567.188 201.645 567.87 200.031 616.812 179.355 616.13 LMV 0.893555
395.795 573.247 415.949 573.571 415.205 619.753 395.051 619.429 LMV 0.883789
586.613 31.7343 608.836 32.8258 606.387 82.7032 584.164 81.6117 LMV 0.882812
600.026 551.925 623.885 551.888 623.974 610.075 600.115 610.112 LMV 0.875977
477.902 423.305 502.954 424.035 501.098 487.695 476.046 486.965 LMV 0.875
93.0592 563.511 114.349 564.066 113.191 608.489 91.9012 607.934 LMV 0.875
589.677 294.459 610.843 299.33 600.323 345.041 579.157 340.17 LMV 0.874023
537.868 552.116 561.492 552.26 561.132 610.884 537.508 610.74 LMV 0.874023
210.415 568.219 231.438 568.8 230.085 617.781 209.062 617.2 LMV 0.871582
183.938 408.749 207.532 409.599 205.562 464.251 181.968 463.401 LMV 0.868164
447.074 574.137 468.259 574.495 467.426 623.863 446.241 623.505 LMV 0.861328
560.411 429.451 584.725 430.272 582.589 493.549 558.275 492.728 LMV 0.857422
15.8777 73.0511 48.5154 99.0864 36.5598 114.074 3.92206 88.0386 CV 0.850586
615.052 300.374 635.605 305.708 623.948 350.626 603.395 345.292 LMV 0.848633
513.435 268.339 534.237 274.074 520.565 323.661 499.763 317.926 LMV 0.847168
421.689 575.552 443.081 576.356 441.311 623.448 419.919 622.644 LMV 0.84375
121.716 564.144 143.095 565.227 140.784 610.856 119.405 609.773 LMV 0.842285
569.655 553.688 593.046 553.563 593.345 609.312 569.954 609.437 LMV 0.834473
156.99 407.24 180.172 407.773 179.01 458.26 155.828 457.727 LMV 0.832031
235.925 572.273 256.826 572.738 255.825 617.727 234.924 617.262 LMV 0.826172
66.6001 560.358 87.5789 560.841 86.5249 606.642 65.5461 606.159 LMV 0.823242
537.758 276.616 559.117 282.017 545.242 336.884 523.883 331.483 LMV 0.80957
370.88 568.255 392.036 568.434 391.62 617.745 370.464 617.566 LMV 0.804688
208.447 413.367 234.228 413.446 234.053 470.633 208.272 470.554 LMV 0.793945
69.0855 10.6145 97.7538 32.4923 87.9145 45.3855 59.2462 23.5077 CV 0.791016
41.3838 40.2558 72.965 66.0083 61.8662 79.6192 30.285 53.8667 CV 0.78125
613.419 432.683 637.779 433.543 635.581 495.817 611.221 494.957 LMV 0.774414
565.43 287.487 585.858 292.805 573.57 340.013 553.142 334.695 LMV 0.771484
264.301 412.209 287.718 412.676 286.699 463.791 263.282 463.324 LMV 0.760742
279.437 86.0471 320.163 116.224 306.563 134.578 265.837 104.401 LMV 0.760742
345.38 415.706 368.795 416.245 367.62 467.294 344.205 466.755 LMV 0.757812
300.452 64.7341 336.208 94.8033 322.048 111.641 286.292 81.5717 LMV 0.745605
125.682 405.621 149.488 406.206 148.318 453.879 124.512 453.294 LMV 0.736328
264.713 570.488 287.463 570.575 287.287 616.512 264.537 616.425 LMV 0.703125
333.243 21.4597 371.756 50.9393 357.757 69.2278 319.244 39.7482 LMV 0.696777
317.783 573.878 339.517 573.778 339.717 617.122 317.983 617.222 LMV 0.692871
627.734 553.431 639.749 553.321 640.266 609.569 628.251 609.679 LMV 0.63623
371.777 -17.0278 411.64 9.76657 397.223 31.2153 357.36 4.42093 LMV 0.632812
267.978 108.886 307.851 144.885 292.522 161.864 252.649 125.865 LMV 0.592773
397.158 419.041 423.893 419.922 422.342 466.959 395.607 466.078 LMV 0.486328
632.032 318.853 646.721 321.042 640.968 359.647 626.279 357.458 LMV 0.485352
129.217 532.84 144.52 533.58 143.283 559.16 127.98 558.42 SMV 0.409912
570.256 0.0445371 590.155 0.593942 589.744 15.4633 569.845 14.9139 LMV 0.360107
2.19159 89.7759 30.0601 114.398 18.949 126.974 -8.91947 102.352 CV 0.325439
540.222 -1.03558 563.355 -0.00629377 562.778 12.9496 539.645 11.9204 LMV 0.296631
13.8056 20.8808 23.5741 27.756 7.35064 50.8067 -2.41781 43.9315 CV 0.266602
392.008 542.305 411.992 542.305 411.992 565.695 392.008 565.695 SMV 0.254395
