590.358 374.498 609.506 373.955 610.642 414.002 591.494 414.545 CV 0.89502
507.365 432.594 526.192 432.377 526.635 470.906 507.808 471.123 CV 0.886719
567.174 275.687 586.768 274.589 588.826 311.313 569.232 312.411 CV 0.880859
506.465 381.251 526.201 380.524 527.535 416.749 507.799 417.476 CV 0.870605
545.302 271.764 565.64 271.28 566.698 315.736 546.36 316.22 CV 0.864258
484.826 433.345 505.089 433.034 505.674 471.155 485.411 471.466 CV 0.860352
607.737 433.181 626.241 432.186 628.263 469.819 609.759 470.814 CV 0.851562
459.514 275.282 478.343 274.532 479.986 315.718 461.157 316.468 CV 0.848633
504.259 274.6 524.974 274.219 525.741 315.9 505.026 316.281 CV 0.845703
488.065 15.71 507.904 14.5219 510.435 56.79 490.596 57.9781 CV 0.834961
529.171 432.786 547.501 432.083 548.829 466.714 530.499 467.417 CV 0.834961
590.033 11.9085 608.818 10.8992 610.967 50.904 592.182 51.9133 CV 0.833496
439.682 382.294 457.634 381.523 459.318 420.706 441.366 421.477 CV 0.830078
589.911 433.338 607.632 432.659 609.089 470.662 591.368 471.341 CV 0.823242
611.11 10.2478 630.137 9.85376 630.89 46.221 611.863 46.615 CV 0.81543
570.671 11.342 588.816 10.7154 590.329 54.533 572.184 55.1596 CV 0.811523
510.054 13.1595 529.613 12.0031 531.946 51.4655 512.387 52.6219 CV 0.774414
441.646 432.104 461.788 431.362 463.354 473.896 443.212 474.638 CV 0.772461
255.569 278.068 256.926 345.867 228.681 346.432 227.324 278.633 LMV 0.748047
462.608 427.743 483.542 427.389 484.392 477.757 463.458 478.111 CV 0.745605
549.366 10.7589 565.958 9.70129 568.634 51.6786 552.042 52.7362 CV 0.732422
454.947 274.821 458.961 318.198 437.553 320.179 433.539 276.802 CV 0.726562
630.839 429.908 640.069 429.639 641.161 467.092 631.931 467.361 CV 0.716797
629.144 278.208 641.393 278.03 641.856 309.792 629.607 309.97 CV 0.64209
221.298 357.994 264.546 357.663 264.702 378.006 221.454 378.337 CV 0.630859
632.332 374.113 640.261 374.235 639.668 412.887 631.739 412.765 CV 0.486816
