38.3187 78.2069 54.7247 78.1062 54.9313 111.793 38.5253 111.894 CV 0.884766
437.947 579.564 458.915 579.499 459.053 624.436 438.085 624.501 LMV 0.880859
20.9558 39.6161 37.2017 38.5436 39.2004 68.8214 22.9546 69.8939 CV 0.828613
411.321 581.075 432.883 580.926 433.179 623.925 411.617 624.074 LMV 0.826172
1.09229 83.7603 16.8479 83.4943 17.3921 115.74 1.63652 116.006 CV 0.819336
288.567 581.08 310.761 580.467 311.933 622.92 289.739 623.533 LMV 0.818359
336.205 357.404 357.466 356.98 358.295 398.596 337.034 399.02 LMV 0.814453
386.105 581.008 407.537 580.564 408.395 621.992 386.963 622.436 LMV 0.798828
58.5821 78.4796 75.8164 78.4268 75.9179 111.52 58.6836 111.573 CV 0.797852
272.875 356.509 293.809 356.124 294.625 400.491 273.691 400.876 LMV 0.797852
612.338 577.189 637.773 576.818 638.662 637.811 613.227 638.182 LMV 0.78125
487.219 581.141 507.781 581.141 507.781 623.859 487.219 623.859 LMV 0.759277
303.063 356.894 324.242 356.31 325.437 399.606 304.258 400.19 LMV 0.757324
1.76392 44.1404 18.0237 43.0411 20.158 74.6096 3.8982 75.7089 CV 0.724121
361.943 581.48 384.255 581.583 384.057 624.52 361.745 624.417 LMV 0.66748
270.63 192.541 305.66 192.272 305.87 219.709 270.84 219.978 AFV 0.421143
313.948 451.051 352.419 466.021 341.552 493.949 303.081 478.979 LMV 0.369141
96.3989 177.434 117.549 177.953 116.601 216.566 95.4513 216.047 LMV 0.352295
97.085 176.873 117.821 177.621 116.415 216.627 95.6785 215.879 SMV 0.311523
313.301 539.977 329.26 539.414 330.199 566.023 314.24 566.586 SMV 0.305176
610.5 374.203 639.64 374.36 639.5 400.297 610.36 400.14 LMV 0.275879
386.758 547.878 401.921 547.355 402.742 571.122 387.579 571.645 SMV 0.270996
272.661 463.832 307.798 462.646 308.339 478.668 273.202 479.854 LMV 0.26709
