525.598 560.791 545.076 563.437 539.402 605.209 519.924 602.563 CV 0.898438
293.61 476.038 319.253 479.72 310.39 541.462 284.747 537.78 LMV 0.880859
235.968 481.629 259.701 484.87 253.282 531.871 229.549 528.63 LMV 0.855469
263.763 486.566 285.75 488.885 280.737 536.434 258.75 534.115 LMV 0.848633
112.697 566.059 157.939 576.25 153.053 597.941 107.811 587.75 LMV 0.59082
105.608 597.984 151.13 609.679 145.392 632.016 99.8699 620.321 LMV 0.587891
211.756 491.738 229.344 493.456 225.994 527.762 208.406 526.044 SMV 0.54248
79.5401 244.227 89.7701 262.888 52.5849 283.273 42.3549 264.612 CV 0.529297
212.418 491.674 229.675 493.399 226.332 526.826 209.075 525.101 LMV 0.475586
189.832 487.033 208.787 489.047 204.918 525.467 185.963 523.453 SMV 0.44751
490.667 359.939 514.228 360.156 513.833 403.061 490.272 402.844 CV 0.38916
