431.844 135.541 447.738 141.393 435.656 174.209 419.762 168.357 CV 0.912109
547.317 180.839 564.452 187.029 549.683 227.911 532.548 221.721 CV 0.908203
472.503 146.454 489.838 153.263 474.997 191.046 457.662 184.237 CV 0.899414
478.273 61.2903 492.79 64.8427 485.727 93.7097 471.21 90.1573 CV 0.886719
433.14 48.6491 447.863 54.5861 435.86 84.3509 421.137 78.4139 CV 0.885742
374.525 111.43 390.021 117.665 375.975 152.57 360.479 146.335 CV 0.882812
565.856 196.068 581.989 201.95 569.144 237.182 553.011 231.3 CV 0.87793
297.582 282.933 315.223 290.031 299.918 328.067 282.277 320.969 CV 0.871582
263.281 467.389 279.037 474.749 263.219 508.611 247.463 501.251 LMV 0.865723
339.602 504.043 356.959 510.969 343.398 544.957 326.041 538.031 LMV 0.858887
450.92 143.88 466.202 148.875 455.58 181.37 440.298 176.375 CV 0.856445
409.497 35.3923 425.761 42.5399 411.503 74.9827 395.239 67.8351 CV 0.854492
243.088 458.752 259.827 465.621 245.412 500.748 228.673 493.879 LMV 0.853027
413.261 126.633 427.081 131.964 415.739 161.367 401.919 156.036 CV 0.851562
393.162 120.296 407.747 125.923 396.838 154.204 382.253 148.577 CV 0.848633
349.714 101.102 366.404 105.704 356.286 142.398 339.596 137.796 CV 0.847168
460.176 56.2278 474.117 60.0717 466.824 86.5222 452.883 82.6783 CV 0.847168
240.691 416.289 257.544 423.451 242.559 458.711 225.706 451.549 LMV 0.829102
281.704 476.305 297.432 483.653 281.296 518.195 265.568 510.847 LMV 0.823242
321.4 494.544 338.096 502.067 322.6 536.456 305.904 528.933 LMV 0.817383
490.365 162.145 506.39 167.82 495.135 199.605 479.11 193.93 CV 0.802246
300.831 483.437 318.225 490.925 302.669 527.063 285.275 519.575 LMV 0.802246
380.152 524.577 398.03 531.283 384.848 566.423 366.97 559.717 LMV 0.794434
582.865 203.244 599.564 208.477 589.135 241.756 572.436 236.523 CV 0.789062
604.063 214.669 619.383 218.456 611.937 248.581 596.617 244.794 CV 0.741699
168.627 518.978 185.747 525.823 170.873 563.022 153.753 556.177 LMV 0.740234
158.104 208.448 175.519 215.397 159.896 254.552 142.481 247.603 LMV 0.724121
526.994 176.17 541.509 181.562 531.006 209.83 516.491 204.438 CV 0.708984
247.194 561.362 263.295 568.494 249.056 600.638 232.955 593.506 LMV 0.695312
208.66 540.885 225.46 547.645 211.59 582.115 194.79 575.355 LMV 0.67334
287.207 579.995 303.663 586.692 289.293 622.005 272.837 615.308 LMV 0.652344
265.665 569.152 282.236 576.3 267.335 610.848 250.764 603.7 LMV 0.630371
121.711 557.694 145.017 569.289 139.039 581.306 115.733 569.711 CV 0.594727
227.247 550.149 243.219 555.972 230.503 590.851 214.531 585.028 LMV 0.572754
209.178 541.762 224.78 548.393 210.822 581.238 195.22 574.607 SMV 0.5625
227.632 550.63 244.088 557.609 230.618 589.37 214.162 582.391 SMV 0.532227
295.952 108.374 319.348 119.787 284.548 191.126 261.152 179.713 LMV 0.487305
247.464 560.923 264.292 568.225 250.036 601.077 233.208 593.775 SMV 0.446777
562.202 470.033 597.07 484.821 589.798 501.967 554.93 487.179 SMV 0.397217
286.764 578.986 304.177 585.899 290.236 621.014 272.823 614.101 SMV 0.391357
569.938 522.31 602.556 535.002 596.062 551.69 563.444 538.998 LMV 0.37085
627.7 404.622 647.597 407.744 641.3 447.878 621.403 444.756 LMV 0.363281
560.097 469.475 597.249 485.597 589.903 502.525 552.751 486.403 LMV 0.354248
597.751 211.674 610.667 215.601 601.249 246.576 588.333 242.649 CV 0.337646
623.525 506.061 650.49 513.944 643.475 537.939 616.51 530.056 LMV 0.27832
568.288 521.515 604.324 535.76 597.712 552.485 561.676 538.24 SMV 0.261719
