46.6392 529.546 103.713 532.612 102.486 555.454 45.4119 552.388 LMV 0.956055
63.7008 362.015 122.285 366.425 120.549 389.485 61.965 385.075 LMV 0.955078
56.6888 422.235 115.058 425.057 113.936 448.265 55.5668 445.443 LMV 0.935547
268.599 111.857 296.924 112.879 296.401 127.393 268.076 126.371 CV 0.928711
40.9577 610.182 96.9628 612.717 95.9173 635.818 39.9122 633.283 LMV 0.923828
124.258 159.756 158.585 162.077 157.492 178.244 123.165 175.923 CV 0.920898
50.706 503.706 108.355 507.114 107.044 529.294 49.3947 525.886 LMV 0.919922
65.9759 333.853 123.842 336.739 122.649 360.647 64.7835 357.761 LMV 0.918945
210.659 177.816 250.066 180.024 249.091 197.434 209.684 195.226 CV 0.918945
45.7243 556.019 101.767 559.591 100.276 582.981 44.2332 579.409 LMV 0.917969
349.355 191.599 385.261 194.191 384.145 209.651 348.239 207.059 CV 0.914062
52.2635 474.636 108.797 478.805 106.987 503.364 50.4525 499.195 LMV 0.912109
209.928 229.098 246.187 230.35 245.572 248.152 209.313 246.9 CV 0.911133
265.063 146.84 295.329 148.513 294.437 164.66 264.171 162.987 CV 0.908203
81.7701 38.5195 118.815 40.4238 117.98 56.668 80.9351 54.7637 CV 0.902344
127.022 134.757 161.674 137.366 160.478 153.243 125.826 150.634 CV 0.901367
79.6635 58.5201 114.086 59.5499 113.587 76.2299 79.1644 75.2001 CV 0.900391
604.083 283.535 623.798 283.943 622.917 326.465 603.202 326.057 CV 0.899414
261.95 164.69 291.345 166.269 290.55 181.06 261.155 179.481 CV 0.894531
71.8959 108.965 111.658 111.959 110.354 129.285 70.5916 126.291 CV 0.892578
41.8422 585.772 100.226 588.28 99.2828 610.228 40.8992 607.72 LMV 0.882812
256.07 217.561 290.841 220.259 289.43 238.439 254.659 235.741 CV 0.878906
597.508 94.5909 615.099 94.9147 614.492 127.909 596.901 127.585 CV 0.876953
261.796 199.248 295.807 202.388 294.204 219.752 260.193 216.612 CV 0.865723
73.7494 127.009 111.09 130.109 109.751 146.241 72.4102 143.141 CV 0.855469
614.418 193.388 630.659 193.911 629.582 227.362 613.341 226.839 CV 0.854004
265.224 128.543 297.29 130.488 296.276 147.207 264.21 145.262 CV 0.842285
270.72 92.7402 298.222 94.3022 297.28 110.885 269.778 109.323 CV 0.834473
72.6859 164.107 110.034 166.689 108.689 186.143 71.3408 183.561 CV 0.824219
569.137 378.589 585.771 379.048 584.863 411.911 568.229 411.452 CV 0.811523
356.319 149.552 391.243 151.858 390.181 167.948 355.257 165.642 CV 0.810547
134.844 60.438 171.964 61.0645 171.656 79.312 134.536 78.6855 CV 0.806641
621.538 95.8102 638.896 96.0364 638.462 129.315 621.104 129.089 CV 0.792969
273.216 59.6183 302.325 60.5781 301.784 77.0067 272.675 76.0469 CV 0.733887
262.533 181.619 297.097 184.141 295.967 199.631 261.403 197.109 CV 0.579102
168.566 515.353 194.107 516.411 193.434 532.647 167.893 531.589 SMV 0.377441
-1.78125 187.844 12.9531 187.844 12.9531 209.656 -1.78125 209.656 AFV 0.371826
170.655 436.207 202.958 437 202.595 451.793 170.292 451 LMV 0.299805
525.168 543.053 549.58 544.458 544.832 626.947 520.42 625.542 LMV 0.27832
