108.517 140.978 214.829 141.304 214.733 172.772 108.421 172.446 LMV 0.772461
116.88 111.593 215.676 113.412 215.12 143.657 116.324 141.838 LMV 0.765625
290.816 434.673 293.677 476.764 270.684 478.327 267.823 436.236 SMV 0.706543
25.8856 168.901 27.0602 141.27 105.364 144.599 104.19 172.23 LMV 0.647949
211.048 255.37 211.679 286.879 99.2016 289.13 98.5709 257.621 LMV 0.638184
111.138 228.435 111.301 197.982 219.862 198.565 219.699 229.018 LMV 0.588867
20.2326 140.485 20.7809 110.147 103.392 111.64 102.844 141.978 LMV 0.551758
116.509 493.835 116.741 399.085 149.241 399.165 149.009 493.915 MCV 0.514648
17.4796 221.444 18.1033 194.28 95.4579 196.056 94.8342 223.22 LMV 0.474609
164.718 345.159 167.799 385.792 140.782 387.841 137.701 347.208 SMV 0.449707
26.8572 106.512 27.3422 79.673 100.08 80.9876 99.5953 107.827 LMV 0.392822
218.355 224.149 219.227 256.606 98.3951 259.851 97.5234 227.394 LMV 0.349609
219.124 435.597 243.977 434.567 245.876 480.403 221.023 481.433 SMV 0.269775
