173.42 425.168 230.177 429.702 228.33 452.832 171.573 448.298 LMV 0.956055
179.226 372.913 236.59 376.392 235.274 398.087 177.91 394.608 LMV 0.938477
176.238 398.8 235.717 401.951 234.512 424.7 175.033 421.549 LMV 0.926758
195.597 202.488 251.556 205.882 250.153 229.012 194.194 225.618 LMV 0.925781
169.164 478.622 228.649 482.23 227.336 503.878 167.851 500.27 LMV 0.920898
339.617 98.4879 375.675 100.092 374.883 117.887 338.825 116.283 CV 0.917969
158.682 586.336 218.598 589.51 217.318 613.664 157.402 610.49 LMV 0.915039
478.038 59.6807 515.028 62.0091 513.962 78.9443 476.972 76.6159 CV 0.912109
339.565 47.0704 379.824 49.14 378.935 66.4296 338.676 64.36 CV 0.911133
91.0099 147.922 133.583 153.504 131.115 172.328 88.5419 166.746 LMV 0.90918
185.263 291.918 243.88 294.797 242.737 318.082 184.12 315.203 LMV 0.90918
193.051 232.209 249.994 236.363 248.449 257.541 191.506 253.387 LMV 0.908203
95.5636 55.5853 141.693 58.4538 140.436 78.6647 94.3068 75.7962 LMV 0.907227
171.575 455.977 228.663 458.036 227.925 478.523 170.837 476.464 LMV 0.90625
255.119 2.60913 289.899 4.71858 288.881 21.5002 254.101 19.3908 CV 0.904297
90.2655 103.353 134.85 106.814 133.359 126.022 88.7748 122.561 LMV 0.899414
181.336 344.041 237.839 348.599 235.914 372.459 179.411 367.901 LMV 0.896484
253.844 29.1483 287.319 31.5655 286.156 47.6642 252.681 45.247 CV 0.890625
162.764 560.532 221.211 563.673 219.986 586.468 161.539 583.327 LMV 0.885742
163.897 529.64 221.425 533.928 219.603 558.36 162.075 554.072 LMV 0.875977
93.477 79.0231 141.279 82.1787 139.898 103.102 92.0958 99.9463 LMV 0.875977
394.109 16.177 424.093 17.5579 423.391 32.7917 393.407 31.4109 CV 0.873047
391.201 33.6042 419.428 34.7523 418.799 50.2083 390.572 49.0602 CV 0.87207
89.5442 125.103 133.433 129.662 131.331 149.897 87.442 145.338 LMV 0.861328
86.1374 208.163 131.244 213.094 129.113 232.587 84.0064 227.656 LMV 0.858398
202.903 34.6729 240.123 36.1866 239.347 55.2646 202.127 53.7509 CV 0.851562
385.846 87.4181 419.888 89.7968 418.654 107.457 384.612 105.078 CV 0.833496
390.242 68.5134 425.444 72.0076 423.758 88.9866 388.556 85.4924 CV 0.813477
69.5736 423.327 110.874 427.394 108.926 447.173 67.6261 443.106 LMV 0.811523
77.9725 331.085 119.609 334.156 118.152 353.915 76.5155 350.844 LMV 0.807617
89.6705 173.966 133.185 178.791 131.08 197.784 87.5649 192.959 LMV 0.805664
485.076 18.669 519.084 19.9212 518.424 37.8622 484.416 36.61 CV 0.798828
75.042 376.538 116.347 378.948 115.208 398.462 73.9033 396.052 LMV 0.762207
202.719 -2.42084 239.733 0.0225382 238.781 14.4443 201.767 12.0009 CV 0.758789
392.421 -1.92679 425.852 -0.336075 425.079 15.9112 391.648 14.3204 CV 0.705078
80.7742 281.241 124.634 284.34 123.226 304.259 79.3664 301.16 LMV 0.703125
79.5921 305.338 122.737 308.353 121.283 329.162 78.1381 326.147 LMV 0.692871
76.1479 354.085 117.038 356.062 116.102 375.415 75.2123 373.438 LMV 0.686035
107.98 1.62471 145.883 3.25318 145.02 23.3284 107.117 21.6999 LMV 0.675293
391.368 51.7714 423.976 53.5485 423.132 69.0411 390.524 67.2641 CV 0.662109
67.7838 446.905 108.167 451.038 106.216 470.095 65.8334 465.962 LMV 0.529297
0.167009 59.128 14.4739 60.04 13.1221 81.247 -1.18484 80.335 LMV 0.492188
-0.879321 15.3812 19.3416 17.4657 17.4574 35.7438 -2.76352 33.6593 LMV 0.452148
-1.02877 16.1169 18.8716 18.2617 17.06 35.0706 -2.84036 32.9258 SMV 0.390137
33.1081 328.694 65.5943 329.641 65.0794 347.306 32.5932 346.359 LMV 0.380371
-1.15778 99.8631 10.2138 100.142 9.79059 117.387 -1.58098 117.108 LMV 0.376953
42.9986 232.333 73.7914 234.105 72.9389 248.917 42.1461 247.145 LMV 0.366943
45.8559 172.545 72.2844 173.234 71.8941 188.205 45.4656 187.516 LMV 0.345703
46.832 146.513 72.1547 147.037 71.8555 161.487 46.5328 160.963 LMV 0.338623
33.3425 304.845 59.7663 305.696 59.22 322.655 32.7962 321.804 LMV 0.258301
56.1862 50.6181 82.2638 54.6708 79.9388 69.6319 53.8612 65.5792 SMV 0.256592
