317.78 369.474 332.963 392.327 276.22 430.026 261.037 407.173 LMV 0.854492
432.938 288.618 446.795 310.432 392.562 344.882 378.705 323.068 LMV 0.854004
397.286 499.5 412.122 523.007 352.714 560.5 337.878 536.993 LMV 0.851562
366.178 446.086 380.938 469.678 323.822 505.414 309.062 481.822 LMV 0.850586
335.22 396.106 349.156 417.237 289.78 456.394 275.844 435.263 LMV 0.848633
303.097 345.419 316.785 368.584 258.403 403.081 244.715 379.916 LMV 0.84375
269.976 294.296 282.56 314.585 230.774 346.704 218.19 326.415 LMV 0.84375
448.49 317.015 462.06 339.577 409.01 371.485 395.44 348.923 LMV 0.842285
414.149 524.838 428.535 546.062 370.851 585.162 356.465 563.938 LMV 0.84082
388.559 210.09 402.211 231.628 346.941 266.66 333.289 245.122 LMV 0.84082
381.411 473.516 395.134 494.934 338.089 531.484 324.366 510.066 LMV 0.84082
403.151 235.752 417.072 257.433 362.849 292.248 348.928 270.567 LMV 0.84082
529.256 447.447 541.941 469.352 483.744 503.053 471.059 481.148 LMV 0.837891
349.139 420.976 363.511 443.407 306.361 480.024 291.989 457.593 LMV 0.832031
545.692 472.756 558.787 496.206 502.308 527.744 489.213 504.294 LMV 0.830078
429.363 550.447 443.543 572.296 386.137 609.553 371.957 587.704 LMV 0.829102
445.729 578.107 460.064 600.969 402.771 636.893 388.436 614.031 LMV 0.826172
355.739 157.477 368.53 180.382 312.761 211.523 299.97 188.618 LMV 0.825195
416.483 261.881 430.676 283.403 376.517 319.119 362.324 297.597 LMV 0.822266
284.851 319.829 297.501 341.047 248.649 370.171 235.999 348.953 LMV 0.819824
370.224 183.668 383.696 205.061 329.276 239.332 315.804 217.939 LMV 0.817383
253.116 267.186 268.153 289.987 219.134 322.314 204.097 299.513 LMV 0.817383
463.641 602.387 477.547 625.713 422.359 658.613 408.453 635.287 LMV 0.800293
237.011 242.474 250.613 264.742 203.489 293.526 189.887 271.258 LMV 0.797852
517.969 420.128 529.912 442.8 469.031 474.872 457.088 452.2 LMV 0.786133
330.68 107.84 342.794 131.62 284.32 161.41 272.206 137.63 LMV 0.780273
451.974 351.626 463.921 372.117 418.026 398.874 406.079 378.383 LMV 0.685547
156.518 110.733 172.021 136.508 114.232 171.267 98.7287 145.492 LMV 0.682129
204.733 189.439 218.363 211.176 165.517 244.311 151.887 222.574 LMV 0.66748
226.234 605.261 238.676 624.494 195.016 652.739 182.574 633.506 LMV 0.616211
464.727 378.959 477.202 399.205 435.273 425.041 422.798 404.795 LMV 0.59668
172.395 139.444 186.32 161.271 136.105 193.306 122.18 171.479 LMV 0.541992
568.073 506.156 578.56 526.063 523.927 554.844 513.44 534.937 LMV 0.400146
579.515 526.519 592.63 548.715 535.485 582.481 522.37 560.285 LMV 0.332764
258.238 -19.3219 269.258 1.6462 208.512 33.5719 197.492 12.6038 LMV 0.311035
174.122 140.248 187.105 161.503 135.128 193.252 122.145 171.997 CV 0.264648
