351.393 220.23 382.621 255.856 365.607 270.77 334.379 235.144 SMV 0.907227
295.356 269.64 321.598 306.619 303.644 319.36 277.402 282.381 SMV 0.864258
315.276 251.406 342.293 284.938 324.724 299.094 297.707 265.562 SMV 0.860352
199.667 326.399 225.491 362.563 205.833 376.601 180.009 340.437 SMV 0.836914
278.494 283.105 301.527 325.218 282.006 335.895 258.973 293.782 SMV 0.831543
332.89 238.903 361.808 273.462 346.11 286.597 317.192 252.038 SMV 0.830078
436.579 172.721 458.396 213.361 439.921 223.279 418.104 182.639 SMV 0.78418
149.186 332.764 192.204 398.203 167.814 414.236 124.796 348.797 LMV 0.772461
101.618 362.449 154.125 442.069 129.132 458.551 76.6253 378.931 LMV 0.761719
415.621 184.718 439.894 223.682 422.879 234.282 398.606 195.318 SMV 0.751953
23.5847 421.03 61.3745 483.998 37.259 498.47 -0.530769 435.502 LMV 0.740234
527.832 28.4919 541.406 50.96 482.668 86.4456 469.094 63.9775 LMV 0.73291
257.969 294.742 278.576 338.301 257.531 348.258 236.924 304.699 SMV 0.724609
50.8659 405.354 95.16 479.652 70.0091 494.646 25.715 420.348 LMV 0.71875
455.596 156.087 476.913 201.488 457.904 210.413 436.587 165.012 SMV 0.716797
89.6614 49.927 105.058 69.9 32.8386 125.573 17.4417 105.6 LMV 0.683105
230.772 312.496 256.203 360.77 232.978 373.004 207.547 324.73 SMV 0.669434
507.231 10.7435 520.426 33.074 480.769 56.5065 467.574 34.176 SMV 0.530762
7.13531 454.238 32.9272 501.396 6.66157 515.762 -19.1304 468.604 AFV 0.524902
121.138 390.412 154.056 443.834 130.112 458.588 97.1936 405.166 LMV 0.519043
492.301 -12.6169 504.226 9.03527 464.699 30.8044 452.774 9.15223 SMV 0.449219
536.839 60.9324 550.978 83.5301 511.161 108.443 497.022 85.8449 SMV 0.438477
120.366 83.177 137.775 110.584 69.5089 153.948 52.0996 126.541 LMV 0.37207
3.19968 453.331 31.5615 502.088 9.07376 515.169 -19.2881 466.412 LMV 0.332031
123.053 395.151 154.612 445.481 131.697 459.849 100.138 409.519 AFV 0.325928
