41.4384 292.886 48.7819 312.877 0.499142 330.614 -6.84443 310.623 LMV 0.921875
212.6 239.766 246.799 298.033 220.9 313.234 186.701 254.967 LMV 0.889648
143.156 70.6596 188.811 125.929 163.344 146.965 117.689 91.6961 LMV 0.878906
60.9683 338.28 70.3304 360.073 0.15675 390.22 -9.20539 368.427 LMV 0.873047
215.1 58.3935 245.382 118.999 219.65 131.857 189.368 71.2508 LMV 0.841309
71.9541 359.134 83.0673 380.229 0.23341 423.866 -10.8798 402.771 LMV 0.841309
46.8571 313.024 55.1937 333.13 1.2992 355.476 -7.03744 335.37 LMV 0.834961
243.881 195.286 269.5 260.093 241.369 271.214 215.75 206.407 LMV 0.791016
150.167 0.915588 191.5 70.8667 164.583 86.7719 123.25 16.8208 LMV 0.789062
28.8715 262.49 37.525 282.852 -0.49645 299.01 -9.15004 278.648 LMV 0.784668
482.834 178.296 491.422 198.669 394.666 239.454 386.078 219.081 LMV 0.760742
169.998 557.87 179.081 584.257 63.2522 624.13 54.1688 597.743 LMV 0.745605
472.717 155.61 481.156 175.961 390.283 213.64 381.844 193.289 LMV 0.736328
494.332 225.687 502.905 243.946 412.668 286.313 404.095 268.054 LMV 0.734375
157.421 513.691 163.161 536.125 76.4539 558.309 70.7141 535.875 LMV 0.722168
461.162 135.338 468.56 155.724 363.338 193.912 355.94 173.526 LMV 0.703613
486.96 201.955 494.818 219.305 396.04 264.045 388.182 246.695 LMV 0.689941
157.091 535.896 164.038 555.697 57.4088 593.104 50.4623 573.303 LMV 0.679199
504.329 245.536 514.823 267.276 434.671 305.964 424.177 284.224 LMV 0.658203
244.038 614.81 251.92 638.766 198.962 656.19 191.08 632.234 LMV 0.643066
187.947 -4.73348 217.04 56.4521 190.553 69.046 161.46 7.86041 LMV 0.635254
421.741 254.504 431.828 275.988 381.759 299.496 371.672 278.012 LMV 0.625
433.062 276.965 442.355 299.752 388.938 321.535 379.645 298.748 LMV 0.613281
85.7698 378.644 96.2852 398.747 3.35521 447.356 -7.16021 427.253 LMV 0.597656
-2.35429 219.626 17.414 222.218 14.5418 244.124 -5.22652 241.532 LMV 0.569336
69.8005 538.96 77.8766 558.277 -0.487995 591.04 -8.56408 571.723 LMV 0.565918
4.49008 237.462 26.051 250.603 12.0724 273.538 -9.48855 260.397 LMV 0.56543
465.047 132.027 471.939 154.134 383.453 181.723 376.561 159.616 LMV 0.561523
147.874 511.642 155.233 530.692 47.3762 572.358 40.0171 553.308 LMV 0.531738
401.039 210.031 410.726 229.853 364.961 252.219 355.274 232.397 LMV 0.516113
79.0895 564.874 85.6773 583.89 1.28548 613.126 -5.30233 594.11 LMV 0.515625
394.74 152.104 404.236 172.64 338.26 203.146 328.764 182.61 LMV 0.496094
56.0514 626.223 58.754 641.311 17.0736 648.777 14.371 633.689 LMV 0.489258
408.589 232.136 418.886 254.693 371.411 276.364 361.114 253.807 LMV 0.472656
104.259 580.582 112.283 604.342 17.303 636.418 9.27924 612.658 LMV 0.466309
424.612 140.119 432.877 159.78 336.888 200.131 328.623 180.47 LMV 0.406006
491.265 201.019 499.98 221.695 419.235 255.731 410.52 235.055 LMV 0.366211
391.783 182.942 402.209 205.147 350.217 229.558 339.791 207.353 LMV 0.357178
64.0605 597.193 69.3954 616.468 -4.09177 636.807 -9.4267 617.532 LMV 0.349609
418.348 169.837 426.808 187.856 344.152 226.663 335.692 208.644 LMV 0.294922
