98.5156 387.953 125.234 387.953 125.234 437.547 98.5156 437.547 CV 0.894531
135.611 398.166 162.391 397.899 162.889 447.834 136.109 448.101 CV 0.866211
222.007 406.577 245.725 406.705 245.493 449.923 221.775 449.795 CV 0.857422
51.7188 426.094 78.1562 426.094 78.1562 477.406 51.7188 477.406 CV 0.845215
190.206 401.706 215.126 401.362 215.794 449.794 190.874 450.138 CV 0.84082
29.8639 431.182 51.854 431.839 50.4486 478.818 28.4585 478.161 CV 0.819824
273.762 403.994 300.074 403.913 300.238 457.506 273.926 457.587 CV 0.819824
2.86708 429.747 27.5449 430.863 25.4454 477.253 0.76756 476.137 CV 0.798828
12.5089 373.753 35.5545 374 35.0848 417.747 12.0393 417.5 CV 0.775391
373.934 70.233 410.602 71.442 407.566 163.517 370.898 162.308 LMV 0.769043
266.609 595.476 293.022 596.164 291.891 639.524 265.478 638.836 LMV 0.612305
237.784 594.995 262.499 595.45 261.716 638.005 237.001 637.55 LMV 0.539062
356.024 426.869 381.954 427.486 380.976 468.631 355.046 468.014 CV 0.501953
28.1426 537.323 55.6739 544.69 35.6074 619.677 8.07612 612.31 LMV 0.37207
71.5658 543.916 93.5326 553.814 72.6842 600.084 50.7174 590.186 CV 0.363525
295.641 604.445 317.733 604.682 317.359 639.555 295.267 639.318 LMV 0.361328
