159.446 417.736 169.25 488.75 143.804 492.264 134 421.25 LMV 0.857422
213.294 410.601 222.444 482.017 199.956 484.899 190.806 413.483 LMV 0.839844
43.2205 436.204 44.7428 512.252 17.5607 512.796 16.0385 436.748 LMV 0.81543
187.367 416.676 194.418 486.885 170.133 489.324 163.082 419.115 LMV 0.803223
101.253 430.292 107.647 502.447 82.1217 504.708 75.7284 432.553 LMV 0.798828
68.8605 432.67 72.2222 506.656 46.3895 507.83 43.0278 433.844 LMV 0.789062
127.993 421.042 139.409 497.128 113.882 500.958 102.466 424.872 LMV 0.780273
242.152 408.453 252.788 483.326 226.598 487.047 215.962 412.174 LMV 0.776367
563.704 146.152 572.302 183.038 472.296 206.348 463.698 169.462 LMV 0.6875
12.1832 439.881 14.2154 508.101 -3.18315 508.619 -5.21538 440.399 LMV 0.583984
