74.3803 417.253 112.378 424.688 92.9947 523.747 54.9966 516.312 LMV 0.931641
110.14 431.317 153.613 437.899 139.11 533.683 95.6371 527.101 LMV 0.890625
27.6964 405.272 68.776 412.724 49.3661 519.728 8.28648 512.276 LMV 0.860352
163.756 435.786 202.284 443.908 181.244 543.714 142.716 535.592 LMV 0.842773
208.213 448.931 246.446 454.419 232.787 549.569 194.554 544.081 LMV 0.811523
256.046 461.864 300.351 466.021 289.454 582.136 245.149 577.979 LMV 0.787109
301.446 472.766 350.45 478.809 339.054 571.234 290.05 565.191 LMV 0.772949
188.254 558.785 229.019 567.509 213.246 641.215 172.481 632.491 LMV 0.739746
-2.61022 535.443 42.721 538.052 38.5477 610.557 -6.7835 607.948 LMV 0.714844
144.285 553.493 184.721 558.008 177.965 618.507 137.529 613.992 LMV 0.44043
