487.859 132.306 594.903 297.239 554.141 323.694 447.097 158.761 LMV 0.924805
438.862 162.049 541.346 319.957 500.138 346.701 397.654 188.793 LMV 0.899414
186.286 320.947 295.025 484.617 249.214 515.053 140.475 351.383 LMV 0.882812
387.521 189.082 489.889 352.696 447.979 378.918 345.611 215.304 LMV 0.873047
243.508 288.815 344.38 448.646 295.992 479.185 195.12 319.354 LMV 0.871582
337.183 230.279 443.648 385.38 403.817 412.721 297.352 257.62 LMV 0.870605
288.059 257.941 398.839 419.328 358.441 447.059 247.661 285.672 LMV 0.864258
538.899 103.372 642.169 273.186 599.101 299.378 495.831 129.564 LMV 0.836914
16.8489 485.159 50.3465 567.075 6.90112 584.841 -26.5965 502.925 LMV 0.406738
637.646 64.9047 668.122 172.159 624.354 184.595 593.878 77.3411 LMV 0.347656
