174 165.712 204.887 166.233 204 218.788 173.113 218.267 CV 0.882812
143.106 571.228 147.604 626.263 116.894 628.772 112.396 573.737 CV 0.848633
176.375 323.273 206.031 323.227 206.125 384.727 176.469 384.773 CV 0.842285
94.9318 37.8051 121.43 37.48 122.068 89.5074 95.5702 89.8325 CV 0.834961
63.3222 385.256 94.5099 384.276 96.5528 449.244 65.3651 450.224 CV 0.818359
205.729 440.885 209.158 500.849 178.271 502.615 174.842 442.651 CV 0.804688
135.009 59.6822 167.43 58.6627 169.491 124.193 137.07 125.212 CV 0.791016
494.129 109.805 506.367 171.828 475.371 177.945 463.133 115.922 CV 0.772949
197.769 2.12201 210.897 53.0186 178.731 61.3155 165.603 10.4189 CV 0.772949
592.476 548.622 598.874 606.111 569.524 609.378 563.126 551.889 CV 0.737793
73.9674 582.464 103.34 582.103 104.033 638.536 74.6598 638.897 CV 0.734863
104.237 347.048 129.303 348.221 127.138 394.452 102.072 393.279 CV 0.724121
61.5734 29.9057 95.9201 33.1542 90.6766 88.5943 56.3299 85.3458 CV 0.677734
262.885 613.767 310.982 617.609 308.615 647.233 260.518 643.391 CV 0.544922
