189.127 346.771 190.03 374.35 132.623 376.229 131.72 348.65 CV 0.889648
136.417 250.148 190.01 250.477 189.833 279.352 136.24 279.023 CV 0.885742
137.995 213.656 199.182 214.032 199.005 242.844 137.818 242.468 CV 0.879883
178.85 66.6292 179.983 96.7642 120.65 98.9958 119.517 68.8608 CV 0.87793
188.57 311.471 189.988 340.781 133.18 343.529 131.762 314.219 CV 0.839355
184.829 101.176 185.944 130.842 129.921 132.949 128.806 103.283 CV 0.81543
179.039 29.296 179.845 59.2852 117.711 60.954 116.905 30.9648 CV 0.784668
50.7257 54.9982 53.3565 115.504 24.6493 116.752 22.0185 56.2464 CV 0.775391
183.67 277.546 186.095 302.177 137.58 306.954 135.155 282.323 CV 0.683105
81.4319 0.555003 108.338 0.616895 108.318 9.28093 81.4119 9.21904 CV 0.671387
591.923 598.407 624.701 598.91 624.077 639.593 591.299 639.09 CV 0.630371
588.255 205.97 616.921 206.542 615.745 265.53 587.079 264.958 CV 0.430664
588.459 205.55 616.269 205.892 615.541 265.2 587.731 264.858 LMV 0.336914
