157.101 194.576 186.148 203.408 169.649 257.674 140.602 248.842 CV 0.910156
157.151 92.2352 185.65 100.213 170.099 155.765 141.6 147.787 CV 0.885742
187.972 108.58 216.39 115.442 202.028 174.92 173.61 168.058 CV 0.87207
181.54 8.70098 211.652 14.857 199.96 72.049 169.848 65.893 CV 0.869141
127.084 172.819 155.972 181.364 139.166 238.181 110.278 229.636 CV 0.865723
598.993 79.4257 603.015 153.567 566.007 155.574 561.985 81.4333 CV 0.861328
216.95 26.0692 243.198 34.2743 225.8 89.9308 199.552 81.7257 CV 0.860352
639.529 84.2868 640.746 145.087 609.471 145.713 608.254 84.9129 CV 0.819824
480.442 150.651 485.263 181.748 426.558 190.849 421.737 159.752 CV 0.808594
559.228 102.719 561.379 172.624 523.772 173.781 521.621 103.876 CV 0.802246
442.384 112.116 489.697 127.697 477.616 164.384 430.303 148.803 CV 0.755859
125.294 -3.42414 155.729 -3.05074 155.456 19.1976 125.021 18.8242 CV 0.72998
342.021 510.969 369.118 523.474 343.479 579.031 316.382 566.526 CV 0.701172
521.269 43.2316 525.323 79.6629 459.231 87.0184 455.177 50.5871 CV 0.478516
