371.806 524.958 390.824 582.193 364.194 591.042 345.176 533.807 CV 0.908203
468.224 381.589 476.171 407.164 422.276 423.911 414.329 398.336 CV 0.901367
284.579 552.357 294 606.164 268.421 610.643 259 556.836 CV 0.876953
345.872 532.923 362.088 594.059 335.628 601.077 319.412 539.941 CV 0.871582
440.792 506.797 456.371 561.627 429.708 569.203 414.129 514.373 CV 0.859863
315.721 549.085 330.376 606.365 304.779 612.915 290.124 555.635 CV 0.858887
516.263 541.597 532.71 597.803 506.736 605.403 490.29 549.197 CV 0.851562
486.666 552.761 507.367 611.402 482.334 620.239 461.633 561.598 CV 0.849609
524.866 438.719 530.288 469.686 472.634 479.781 467.212 448.814 CV 0.848633
468.881 492.723 484.525 545.614 458.619 553.277 442.975 500.386 CV 0.845215
323.319 427.529 334.673 454.689 280.181 477.471 268.827 450.311 CV 0.839355
499.876 483.297 516.436 538.687 489.624 546.703 473.064 491.313 CV 0.836914
568.891 470.993 578.957 528.811 549.109 534.007 539.043 476.189 CV 0.829102
401.405 581.102 416.868 639.399 388.595 646.898 373.132 588.601 CV 0.825684
433.38 577.248 450.639 634.973 424.62 642.752 407.361 585.027 CV 0.821289
193.381 579.85 217.146 638.128 190.119 649.15 166.354 590.872 CV 0.821289
551.001 536.899 561.494 595.149 533.999 600.101 523.506 541.851 CV 0.787109
365.521 598.897 379.539 640.274 353.479 649.103 339.461 607.726 CV 0.78125
406.657 511.243 427.134 571.879 400.843 580.757 380.366 520.121 CV 0.775391
248.59 556.546 263.519 603.938 239.66 611.454 224.731 564.062 CV 0.775391
458.734 562.913 476.39 617.471 449.766 626.087 432.11 571.529 CV 0.694824
279.235 613.802 304.262 614.281 303.765 640.198 278.738 639.719 CV 0.669434
