192.611 484.833 229.472 534.529 208.389 550.167 171.528 500.471 CV 0.856445
169.733 503.233 192.903 557.901 167.267 568.767 144.097 514.099 CV 0.848633
71.5288 521.514 113.114 562.837 92.5962 583.486 51.0108 542.163 CV 0.821289
-1.27108 354.647 38.7461 368.96 30.0211 393.353 -9.99605 379.04 CV 0.81543
0.352546 391.489 31.966 406.435 20.8193 430.011 -10.7941 415.065 CV 0.793945
45.5162 548.356 52.9883 611.037 22.7338 614.644 15.2617 551.963 CV 0.762695
1.33133 316.46 54.0353 329.186 45.9812 362.54 -6.72277 349.814 CV 0.760254
626.038 453.153 637.656 514.882 605.962 520.847 594.344 459.118 CV 0.599121
135.614 368.851 151.674 423.737 124.636 431.649 108.576 376.763 CV 0.55957
-2.21845 421.955 13.663 424.359 10.531 445.045 -5.35054 442.641 CV 0.415039
419.39 601.012 435.982 634.711 415.11 644.988 398.518 611.289 CV 0.394531
589.952 433.799 597.631 511.796 563.048 515.201 555.369 437.204 CV 0.379395
12.5103 282.598 70.2892 297.818 62.3647 327.902 4.58577 312.682 CV 0.356201
