381.303 417.189 412.737 417.695 411.697 482.311 380.263 481.805 CV 0.87793
135.085 382.974 152.545 405.993 105.04 442.026 87.5801 419.007 CV 0.875977
484.621 354.595 514.933 355.595 512.879 417.905 482.567 416.905 CV 0.874023
278.158 545.85 307.668 555.496 287.842 616.15 258.332 606.504 CV 0.869141
237.519 352.735 268.3 352.64 268.481 411.765 237.7 411.86 CV 0.865723
610.52 96.2264 612.954 123.697 558.48 128.524 556.046 101.053 CV 0.862305
206.29 361.352 236.29 361.398 236.21 414.148 206.21 414.102 CV 0.854492
209.561 476.55 227.779 500.326 181.939 535.45 163.721 511.674 CV 0.845703
349.88 420.998 377.88 421.127 377.62 477.502 349.62 477.373 CV 0.814453
319.54 231.343 350.725 230.912 351.46 284.157 320.275 284.588 CV 0.807617
219.806 232.803 223.748 289.165 194.694 291.197 190.752 234.835 CV 0.797852
312.912 418.551 342.41 418.234 343.088 481.449 313.59 481.766 CV 0.794434
101.464 199.268 128.17 255.014 99.5365 268.732 72.8299 212.986 CV 0.791016
495.155 218.051 497.692 276.402 467.845 277.699 465.308 219.348 CV 0.786133
45.7929 164.409 88.6027 202.232 70.3946 222.841 27.5848 185.018 CV 0.780273
338.106 352.429 340.406 413.574 313.894 414.571 311.594 353.426 CV 0.760742
221.144 503.067 253.933 510.929 238.106 576.933 205.317 569.071 CV 0.759277
542.312 11.2991 597.561 11.0449 597.688 38.7009 542.439 38.9551 CV 0.738281
469.775 137.03 470.398 76.2835 500.725 76.5947 500.102 137.341 CV 0.722656
311.641 223.048 328.358 270.701 294.859 282.452 278.142 234.799 CV 0.720703
189.821 229.876 192.677 287.743 164.679 289.124 161.823 231.257 CV 0.712891
260.977 285.655 261.692 314.365 202.273 315.845 201.558 287.135 CV 0.712402
556.269 355.59 559.269 408.975 533.731 410.41 530.731 357.025 CV 0.706543
128.167 243.457 156.144 242.835 157.083 285.043 129.106 285.665 CV 0.667969
611.529 126.304 613.12 151.927 560.471 155.196 558.88 129.573 CV 0.606445
282.791 224.063 287.526 281.995 260.709 284.187 255.974 226.255 CV 0.40332
605.861 145.023 619.82 170.904 582.139 191.227 568.18 165.346 CV 0.293457
