255.257 146.045 284.741 149.772 275.743 220.955 246.259 217.228 LMV 0.941406
288.763 152.352 313.745 155.568 305.237 221.648 280.255 218.432 LMV 0.907227
191.708 137.998 218.647 140.234 213.042 207.752 186.103 205.516 LMV 0.861328
240.527 63.6688 267.142 67.6155 259.473 119.331 232.858 115.384 LMV 0.829102
398.49 68.2091 471.653 80.4957 467.51 105.166 394.347 92.8793 LMV 0.784668
386.174 148.479 460.773 154.901 458.826 177.521 384.227 171.099 LMV 0.757324
389.709 120.306 462.808 129.093 459.791 154.194 386.692 145.407 LMV 0.730469
383.605 210.648 461.078 226.733 455.395 254.102 377.922 238.017 LMV 0.63623
402.311 26.5247 462.418 27.9998 461.689 57.7253 401.582 56.2502 LMV 0.601562
530.516 144.2 597.669 152.688 593.484 185.8 526.331 177.312 AFV 0.591797
532.469 148.993 593.704 156.449 590.531 182.507 529.296 175.051 MCV 0.268311
