76.7448 304.196 106.007 304.623 105.13 364.804 75.8677 364.377 CV 0.918945
15.8265 605.992 66.4461 606.73 66.0485 634.008 15.4289 633.27 CV 0.889648
147.807 590.614 198.579 596.874 194.693 628.386 143.921 622.126 CV 0.886719
11.0891 305.213 39.4635 305.039 39.8484 367.787 11.474 367.961 CV 0.884766
203.84 449.036 206.865 477.752 147.91 483.964 144.885 455.248 CV 0.870605
99.8344 207.69 101.143 239.195 38.1656 241.81 36.8574 210.305 CV 0.858398
46.0237 302.295 74.0163 302.939 72.6638 361.705 44.6712 361.061 CV 0.827637
161.464 523.919 214.204 522.868 214.786 552.081 162.046 553.132 CV 0.789062
82.0362 596.962 143.383 602.814 140.214 636.038 78.8672 630.186 CV 0.765625
-0.306686 215.471 22.4572 215.75 22.1348 242.029 -0.629099 241.75 CV 0.726074
176.486 339.71 207.934 341.52 204.264 405.29 172.816 403.48 CV 0.661621
-0.683131 307.865 8.42615 307.823 8.67141 361.135 -0.437866 361.177 CV 0.390381
