490.104 262.668 578.517 271.716 575.896 297.332 487.483 288.284 LMV 0.912109
519.184 43.304 609.587 52.5562 606.816 79.6335 516.413 70.3813 LMV 0.90918
486.516 301.177 575.541 311.531 572.484 337.823 483.459 327.469 LMV 0.892578
584.236 328.405 616.478 330.533 610.764 417.095 578.522 414.967 LMV 0.890625
512.084 103.949 598.544 116.565 594.916 141.426 508.456 128.81 LMV 0.874023
518.025 74.7741 606.081 82.2843 603.975 106.976 515.919 99.4657 LMV 0.866211
478.878 342.189 567.026 352.512 564.122 377.311 475.974 366.988 LMV 0.858887
470.736 373.103 567.601 390.979 562.264 419.897 465.399 402.021 LMV 0.853027
492.005 218.717 587.585 227.686 584.995 255.283 489.415 246.314 LMV 0.850586
500.026 176.205 592.287 186.861 588.974 215.545 496.713 204.889 LMV 0.847168
445.215 522.776 548.412 534.619 544.785 566.224 441.588 554.381 LMV 0.845703
459.89 409.825 565.359 421.602 561.61 455.175 456.141 443.398 LMV 0.802246
453.336 485.506 553.548 501.619 548.664 531.994 448.452 515.881 LMV 0.791016
514.222 -4.43371 614.392 5.12059 611.778 32.5275 511.608 22.9732 LMV 0.769531
468.296 601.85 501.916 602.469 501.204 641.15 467.584 640.531 LMV 0.701172
500.552 602.455 522.756 603.256 521.448 639.545 499.244 638.744 LMV 0.598145
429.069 627.866 455.521 628.048 455.431 641.134 428.979 640.952 LMV 0.511719
