88.4965 404.657 158.298 418.316 152.129 449.843 82.3273 436.184 CV 0.933594
100.534 363.913 173.679 384.081 164.716 416.587 91.5709 396.419 CV 0.921875
62.1473 604.752 124.633 614.948 119.853 644.248 57.3665 634.052 CV 0.908203
84.9171 438.153 151.7 447.067 147.458 478.847 80.6752 469.933 CV 0.905273
63.6914 566.742 127.202 579.977 120.684 611.258 57.1729 598.023 CV 0.904297
62.9617 520.882 133.652 532.416 127.663 569.118 56.9731 557.584 CV 0.902344
112.333 244.618 175.239 249.064 173.167 278.382 110.261 273.936 CV 0.890625
118.092 323.849 184.666 343.364 174.908 376.651 108.334 357.136 CV 0.884766
475.422 423.573 605.92 431.687 602.578 485.427 472.08 477.313 LMV 0.822266
378.847 408.596 472.582 420.595 466.653 466.904 372.918 454.905 LMV 0.707031
402.846 334.17 494.643 353.814 484.154 402.83 392.357 383.186 LMV 0.365967
402.592 334.225 495.648 355.413 484.408 404.775 391.352 383.587 AFV 0.256104
