582.228 553.028 643.56 563.86 638.772 590.972 577.44 580.14 CV 0.929688
452.802 463.677 508.613 475.713 503.198 500.823 447.387 488.787 CV 0.924805
255.548 494.748 317.752 511.802 309.953 540.252 247.748 523.198 CV 0.915039
380.77 444.234 439.614 459.206 432.73 486.266 373.886 471.294 CV 0.911133
308.031 428.906 364.944 439.588 359.969 466.094 303.056 455.412 CV 0.911133
58.4747 27.0928 113.44 44.0837 105.65 69.2822 50.6853 52.2913 CV 0.908203
65.5444 -4.57604 120.299 5.74329 115.331 32.1073 60.5758 21.788 CV 0.907227
202.655 375.102 230.508 430.982 204.595 443.898 176.742 388.018 CV 0.834473
176.458 376.163 191.479 430.435 166.542 437.337 151.521 383.065 CV 0.825684
237.011 378.727 268.804 431.007 246.989 444.273 215.196 391.993 CV 0.806641
200.12 308.723 227.79 311.533 222.13 367.277 194.46 364.467 CV 0.797852
170.877 294.417 198.309 296.356 194.123 355.583 166.691 353.644 CV 0.765625
179.693 -4.92028 213.765 -1.14288 207.557 54.8578 173.485 51.0804 CV 0.707031
615.378 591.274 644.108 593.836 641.622 621.726 612.892 619.164 CV 0.63916
