324.006 404.248 354.33 411.668 339.994 470.252 309.67 462.832 CV 0.899414
43.5536 82.0389 97.2485 96.3235 89.6964 124.711 36.0015 110.427 CV 0.890625
380.4 430.391 406.212 439.51 387.1 493.609 361.288 484.49 CV 0.890625
416.399 350.379 473.016 364.6 465.601 394.121 408.984 379.9 CV 0.886719
410.134 434.308 439.071 445.163 417.866 501.692 388.929 490.837 CV 0.880859
272.17 379.374 302.703 389.56 282.33 450.626 251.797 440.44 CV 0.867188
491.009 470.672 521.561 478.72 505.991 537.828 475.439 529.78 CV 0.861328
530.636 271.427 548.108 294.023 505.364 327.073 487.892 304.477 CV 0.858887
340.595 321.866 404.155 343.452 393.905 373.634 330.345 352.048 CV 0.856445
485.719 377.436 545.637 400.281 534.281 430.064 474.363 407.219 CV 0.855469
356.121 417.628 381.356 424.858 365.879 478.872 340.644 471.642 CV 0.847168
243.803 360.757 272.921 370.345 253.197 430.243 224.079 420.655 CV 0.847168
375.129 216.087 397.317 232.013 364.371 277.913 342.183 261.987 CV 0.842773
196.23 332.349 227.334 341.443 208.27 406.651 177.166 397.557 CV 0.827637
441.267 450.386 466.67 460.999 445.733 511.114 420.33 500.501 CV 0.812012
439.375 238.279 459.168 259.195 421.625 294.721 401.832 273.805 CV 0.810547
347.384 203.037 370.323 221.335 337.116 262.963 314.177 244.665 CV 0.805664
286.276 503.571 314.333 510.527 300.224 567.429 272.167 560.473 CV 0.779297
175.223 322.812 200.149 330.265 184.027 384.188 159.101 376.735 CV 0.683105
495.569 596.332 528.82 607.057 514.431 651.668 481.18 640.943 CV 0.663574
575.09 482.861 610.751 491.21 593.91 563.139 558.249 554.79 CV 0.522461
262.402 485.63 291.529 493.853 273.598 557.37 244.471 549.147 CV 0.51709
