396.329 538.216 398.313 604.812 365.671 605.784 363.687 539.188 LMV 0.868164
329.52 543.945 332.517 612.88 305.48 614.055 302.483 545.12 LMV 0.863281
359.243 538.907 362.474 605.704 333.757 607.093 330.526 540.296 LMV 0.851562
148.164 547.381 177.758 547.245 178.086 618.619 148.492 618.755 LMV 0.836914
471.286 532.209 476.419 601.708 448.214 603.791 443.081 534.292 LMV 0.835938
542.238 530.161 546.518 598.026 517.762 599.839 513.482 531.974 LMV 0.758789
302.449 538.94 303.656 609.554 274.051 610.06 272.844 539.446 LMV 0.731934
62.5401 554.43 66.1548 617.639 32.3974 619.57 28.7827 556.361 LMV 0.696777
23.3316 554.033 25.9151 620.983 0.434062 621.967 -2.14947 555.017 LMV 0.687988
577.306 513.914 579.464 594.26 548.694 595.086 546.536 514.74 LMV 0.679199
187.584 247.215 251.679 245.249 252.416 269.285 188.321 271.251 LMV 0.353516
