319.322 54.9234 347.023 89.5105 274.678 147.452 246.977 112.864 AFV 0.889648
286.524 9.72068 317.443 45.2019 242.476 110.529 211.557 75.0481 AFV 0.866211
599.922 188.194 632.137 219.434 550.078 304.056 517.863 272.816 LMV 0.864746
354.383 93.4239 381.157 129.046 303.617 187.326 276.843 151.704 AFV 0.854492
430.709 173.201 462.105 211.551 387.291 272.799 355.895 234.449 AFV 0.854004
394.118 130.719 421.672 167.045 345.882 224.531 318.328 188.205 AFV 0.834473
254.039 -25.5537 280.208 15.466 200.961 66.0224 174.792 25.0028 AFV 0.807617
465.585 214.998 494.353 249.479 416.415 314.502 387.647 280.021 AFV 0.743652
509.713 263.776 544.876 307.68 464.287 372.224 429.124 328.32 AFV 0.508789
150.377 -1.33514 200.94 -1.1413 200.873 16.3273 150.31 16.1335 AFV 0.387207
