511.502 173.331 564.622 213.337 549.498 233.419 496.378 193.413 LMV 0.814453
456.133 74.4806 507.522 107.23 495.867 125.519 444.478 92.7699 LMV 0.78418
439.901 94.8722 489.919 128.068 478.099 145.878 428.081 112.682 LMV 0.753906
497.044 6.66216 551.282 47.2621 536.956 66.4003 482.718 25.8004 LMV 0.700684
476.05 50.9964 524.993 81.6514 512.95 100.879 464.007 70.2236 LMV 0.677246
319.658 270.697 364.716 310.507 346.342 331.303 301.284 291.493 LMV 0.646484
196.236 409.7 240.911 447.757 224.264 467.3 179.589 429.243 LMV 0.63916
215.206 381.544 262.175 415.466 246.294 437.456 199.325 403.534 LMV 0.564453
546.71 132.475 595.296 163.806 581.29 185.525 532.704 154.194 LMV 0.536133
420.169 285.5 474.36 331.662 455.331 354 401.14 307.838 LMV 0.524902
442.619 261.794 490.263 298.264 475.381 317.706 427.737 281.236 LMV 0.431641
458.503 245.038 505.377 275.103 491.997 295.962 445.123 265.897 LMV 0.318604
477.152 218.028 525.999 254.929 509.348 276.972 460.501 240.071 LMV 0.282715
528.174 155.112 582.731 189.284 569.826 209.888 515.269 175.716 LMV 0.274414
