582.035 562.17 587.431 588.434 531.965 599.83 526.569 573.566 CV 0.861328
493.501 581.836 496.99 611.601 440.999 618.164 437.51 588.399 CV 0.848633
588.616 601.805 592.606 632.941 520.384 642.195 516.394 611.059 CV 0.842285
477.89 547.818 481.305 574.065 426.61 581.182 423.195 554.935 CV 0.837891
549.378 140.193 613.131 142.933 611.622 178.057 547.869 175.317 CV 0.821289
587.98 105.059 590.479 133.261 532.02 138.441 529.521 110.239 CV 0.812012
574.716 523.773 581.709 557.812 521.284 570.227 514.291 536.188 CV 0.804688
407.509 620.149 409.954 642.123 358.491 647.851 356.046 625.877 CV 0.794434
610.534 186.155 613.317 214.707 555.466 220.345 552.683 191.793 CV 0.784668
621.475 83.4738 636.826 133.745 610.525 141.776 595.174 91.5055 CV 0.779297
557.544 39.7918 569.407 103.509 537.456 109.458 525.593 45.7406 CV 0.772461
630.949 53.4047 639.408 53.0087 641.051 88.0953 632.592 88.4913 CV 0.422852
