77.2222 577.026 136.693 578.896 135.653 611.974 76.1822 610.104 CV 0.914062
346.386 426.629 346.976 456.123 284.614 457.371 284.024 427.877 CV 0.876953
79.8823 610.154 139.686 611.163 139.118 644.846 79.3138 643.837 CV 0.870605
60.0813 340.723 63.4733 368.486 11.9812 374.777 8.5892 347.014 CV 0.858887
67.3192 371.3 70.2326 400.891 16.3058 406.2 13.3924 376.609 CV 0.834961
-1.07812 52.0156 41.0469 52.0156 41.0469 87.7344 -1.07812 87.7344 CV 0.793945
1.19269 11.8597 41.8798 12.0469 41.7136 48.1715 1.02649 47.9843 CV 0.782715
21.5274 291.434 64.4333 309.36 49.0976 346.066 6.19168 328.14 CV 0.767578
584.074 133.347 616.661 132.697 617.926 196.153 585.339 196.803 CV 0.757812
545.366 175.564 577.8 175.067 578.634 229.436 546.2 229.933 CV 0.755859
247.43 482.787 251.76 516.068 185.32 524.713 180.99 491.432 CV 0.70459
578.155 2.20041 611.811 2.1746 611.845 47.3621 578.189 47.3879 CV 0.679688
320.926 237.406 326.714 278.153 228.574 292.094 222.786 251.347 CV 0.648926
286.7 31.21 293.64 72.5059 219.8 84.915 212.86 43.6191 CV 0.589355
-2.17765 157.633 49.8524 157.992 49.6152 192.367 -2.41486 192.008 CV 0.545898
303.005 109.442 309.85 149.93 211.495 166.558 204.65 126.07 CV 0.262207
