166.155 221.047 174.498 241.336 84.8448 278.203 76.5017 257.914 LMV 0.740723
175.857 243.709 184.213 263.587 92.1426 302.291 83.7867 282.413 LMV 0.733887
188.928 290.043 197.7 308.727 108.822 350.457 100.05 331.773 LMV 0.727051
155.664 199.562 162.999 219.772 57.8356 257.938 50.5009 237.728 LMV 0.707031
181.74 266.839 189.797 285.247 83.7603 331.661 75.703 313.253 LMV 0.70459
169.668 248.725 176.848 266.889 65.8325 310.775 58.6522 292.611 LMV 0.63916
114.511 319.812 124.658 340.834 75.2392 364.688 65.0917 343.666 LMV 0.611816
200.166 309.681 210.537 331.221 129.334 370.319 118.963 348.779 LMV 0.587891
96.3987 274.661 105.882 293.922 60.3513 316.339 50.8682 297.078 LMV 0.568359
103.629 299.392 111.629 318.267 65.9957 337.608 57.9961 318.733 LMV 0.557129
127.6 341.945 137.048 365.243 82.0248 387.555 72.5771 364.257 LMV 0.542969
81.0085 221.085 91.4821 241.544 38.9915 268.415 28.5179 247.956 LMV 0.541992
159.288 197.491 165.933 220.537 79.3372 245.509 72.6915 222.463 LMV 0.46582
122.2 202.717 130.639 222.049 32.1753 265.033 23.7359 245.701 LMV 0.432373
88.2086 248.224 97.6167 268.834 45.1664 292.776 35.7583 272.166 LMV 0.407715
