252.77 246.525 321.565 289.755 308.23 310.975 239.435 267.745 LMV 0.898438
193.468 341.59 261.434 385.654 246.032 409.41 178.066 365.346 LMV 0.889648
171.879 373.143 241.044 416.842 225.871 440.857 156.706 397.158 LMV 0.87207
213.785 312.202 282.212 354.367 267.465 378.298 199.038 336.133 LMV 0.864746
48.0775 179.944 72.8546 198.024 10.0787 284.056 -14.6983 265.976 LMV 0.864746
280.624 196.565 358.542 232.963 346.876 257.935 268.958 221.537 LMV 0.858398
268.809 224.468 339.967 267.315 327.191 288.532 256.033 245.685 LMV 0.854004
152.606 400.779 224.929 455.803 209.394 476.221 137.071 421.197 LMV 0.818359
76.5502 198.883 101.738 216.74 40.3248 303.367 15.1372 285.51 LMV 0.800781
19.3023 579.487 88.6129 611.865 75.6977 639.513 6.3871 607.135 LMV 0.79248
234.792 281.412 296.167 312.529 283.208 338.088 221.833 306.971 LMV 0.762207
407.63 60.1952 465.23 90.1808 451.37 116.805 393.77 86.8192 LMV 0.719238
153.392 453.449 231.562 504.291 216.108 528.051 137.938 477.209 LMV 0.71875
140.652 479.297 216.825 529.425 200.848 553.703 124.675 503.575 LMV 0.701172
73.8517 509.514 121.42 535.985 108.898 558.486 61.3303 532.015 LMV 0.685547
-0.8846 611.136 61.142 633.322 51.2908 660.864 -10.7357 638.678 LMV 0.634277
113.838 428.162 228.473 502.722 211.162 529.338 96.5266 454.778 LMV 0.449707
46.0449 542.611 151.56 611.019 137.705 632.389 32.19 563.981 LMV 0.395264
314.958 141.495 350.094 160.612 339.542 180.005 304.406 160.888 SMV 0.291992
44.0364 543.544 112.418 586.375 99.2136 607.456 30.8322 564.625 LMV 0.270996
