245.003 120.33 301.915 140.483 292.997 165.67 236.085 145.517 CV 0.907227
104.601 0.535231 164.686 13.0559 158.649 42.0273 98.5643 29.5066 CV 0.904297
269.097 324.627 297.547 332.944 280.903 389.873 252.453 381.556 CV 0.904297
134.988 116.315 191.257 133.423 182.512 162.185 126.243 145.077 CV 0.904297
390.83 212.157 440.91 227.384 433.17 252.843 383.09 237.616 CV 0.902344
149.647 83.8519 208.222 105.014 198.103 133.023 139.528 111.861 CV 0.898438
378.18 241.205 429.137 256.876 421.32 282.295 370.363 266.624 CV 0.896484
402.372 183.046 454.763 198.058 447.128 224.704 394.737 209.692 CV 0.89502
265.221 231.697 325.457 251.794 316.279 279.303 256.043 259.206 CV 0.892578
430.367 264.623 486.677 283.746 477.633 310.377 421.323 291.254 CV 0.886719
468.013 169.499 526.894 194.897 514.987 222.501 456.106 197.103 CV 0.883789
208.78 304.581 239.794 313.648 224.22 366.919 193.206 357.852 CV 0.875
330.029 85.5534 380.206 101.104 372.971 124.447 322.794 108.896 CV 0.874023
225.605 177.473 279.51 192.875 271.895 219.527 217.99 204.125 CV 0.873047
300.396 336.233 329.304 344.708 313.604 398.267 284.696 389.792 CV 0.856445
489.35 138.927 542.941 162.385 531.15 189.323 477.559 165.865 CV 0.855469
155.395 49.8715 215.294 69.1917 205.355 100.004 145.456 80.6833 CV 0.855469
417.853 291.338 476.263 315.523 465.647 341.162 407.237 316.977 CV 0.854492
363.789 -4.77383 392.254 -1.08753 386.711 41.7113 358.246 38.025 CV 0.851562
412.012 378.283 439.455 389.063 417.988 443.717 390.545 432.937 CV 0.849609
122.745 144.449 176.23 165.216 166.005 191.551 112.52 170.784 CV 0.848633
271.896 53.1503 328.746 76.6904 317.604 103.6 260.754 80.0596 CV 0.833496
378.263 375.147 403.385 379.784 394.237 429.353 369.115 424.716 CV 0.725098
273.069 -0.807577 297.701 -0.165465 297.431 10.1982 272.799 9.55609 CV 0.716309
344.628 379.135 371.283 380.444 369.372 419.365 342.717 418.056 CV 0.640625
181.313 287.413 207.265 295.875 188.937 352.087 162.985 343.625 CV 0.625
3.52302 201.66 34.9066 213.731 15.6332 263.84 -15.7504 251.769 CV 0.604004
339.054 0.597995 360.017 1.08045 359.446 25.8864 338.483 25.4039 CV 0.552734
1.66088 -5.14306 46.5466 -1.93777 45.3079 15.4087 0.422169 12.2034 CV 0.505371
432.807 -6.28444 463.584 0.352749 458.693 23.0344 427.916 16.3973 CV 0.437012
-2.62946 40.7972 17.0497 41.3709 16.231 69.4528 -3.44812 68.8791 CV 0.393066
429.507 -1.56253 462.063 7.09819 446.493 65.625 413.937 56.9643 CV 0.283936
