453.852 467.545 456.301 497.508 389.648 502.955 387.199 472.992 AFV 0.933594
374.504 537.749 378.534 567.587 306.996 577.251 302.966 547.413 AFV 0.928711
369.45 504.649 373.124 537.664 304.05 545.351 300.376 512.336 AFV 0.927734
292.336 546.555 295.426 579.943 225.164 586.445 222.074 553.057 AFV 0.925781
376.477 568.689 382.299 601.013 314.023 613.311 308.201 580.987 AFV 0.923828
456.638 498.41 459.971 526.84 393.862 534.59 390.529 506.16 AFV 0.923828
283.851 476.673 287.272 509.149 219.149 516.327 215.728 483.851 AFV 0.921875
365.484 434.762 369.128 469.351 299.016 476.738 295.372 442.149 AFV 0.920898
366.531 472.788 368.894 503.948 299.469 509.212 297.106 478.052 AFV 0.919922
285.969 514.44 287.676 544.814 221.031 548.56 219.324 518.186 AFV 0.917969
469.435 561.406 472.872 591.743 403.565 599.594 400.128 569.257 AFV 0.915039
454.237 430.562 456.755 464.657 385.263 469.938 382.745 435.843 AFV 0.914062
463.535 530.26 466.872 558.721 398.465 566.74 395.128 538.279 AFV 0.90918
295.396 579.174 299.08 610.867 230.604 618.826 226.92 587.133 AFV 0.902344
473.099 592.305 477.253 623.057 405.901 632.695 401.747 601.943 AFV 0.892578
279.987 439.485 282.986 474.106 209.013 480.515 206.014 445.894 AFV 0.885742
382.542 604.456 387.318 636.288 318.958 646.544 314.182 614.712 AFV 0.880859
302.134 612.443 305.122 642.2 231.866 649.557 228.878 619.8 AFV 0.875
478.421 621.653 481.01 643.736 416.079 651.347 413.49 629.264 AFV 0.379639
