476.38 215.55 479.034 241.98 412.12 248.7 409.466 222.27 LMV 0.87207
481.571 249.529 483.468 273.611 415.429 278.971 413.532 254.889 LMV 0.835938
415.14 32.8643 418.82 58.4131 354.36 67.6982 350.68 42.1494 LMV 0.828613
433.209 97.8847 438.721 123.086 372.291 137.615 366.779 112.414 LMV 0.819824
491.259 279.786 493.903 304.646 422.741 312.214 420.097 287.354 LMV 0.813477
422.082 66.6352 427.539 92.1839 366.418 105.24 360.961 79.6911 LMV 0.803711
470.899 173.598 472.636 199.164 406.601 203.652 404.864 178.086 LMV 0.757324
441.416 125.645 447.465 149.58 382.084 166.105 376.035 142.17 LMV 0.751953
513.445 355.954 516.939 379.398 455.555 388.546 452.061 365.102 LMV 0.627441
593.072 379.464 599.938 417.792 419.928 450.036 413.062 411.708 LMV 0.605957
607.034 411.104 614.261 447.359 425.966 484.896 418.739 448.641 LMV 0.53418
483.847 313.285 488.933 340.311 433.653 350.715 428.567 323.689 LMV 0.254883
