496.589 483.081 527.303 493.512 504.411 560.919 473.697 550.488 AFV 0.703613
562.289 511.393 593.438 519.501 575.711 587.607 544.562 579.499 AFV 0.673828
600.445 528.251 630.446 537.221 610.555 603.749 580.554 594.779 AFV 0.630859
530.138 497.319 558.882 507.798 534.862 573.681 506.118 563.202 AFV 0.625
616.099 -1.5935 639.693 0.127504 637.901 24.6873 614.307 22.9662 CV 0.44751
625.773 453.559 648.968 456.455 643.227 502.441 620.032 499.545 LMV 0.441406
24.3339 274.025 52.0013 280.393 41.1661 327.475 13.4987 321.107 CV 0.351562
496.74 485.047 526.295 494.907 504.26 560.953 474.705 551.093 LMV 0.349609
531.477 500.18 558.812 510.503 534.523 574.82 507.188 564.497 LMV 0.289551
629.251 552.596 652.07 556.626 642.749 609.404 619.93 605.374 LMV 0.264893
