513.669 557.005 540.495 557.972 538.331 617.995 511.505 617.028 LMV 0.894531
479.124 554.297 504.424 555.111 502.376 618.703 477.076 617.889 LMV 0.882812
296.8 417.567 361.414 460.586 348.2 480.433 283.586 437.414 LMV 0.875
416.041 254.403 469.861 293.675 454.959 314.097 401.139 274.825 LMV 0.863281
243.164 486.778 328.258 540.25 316.336 559.222 231.242 505.75 LMV 0.861328
378.009 309.135 433.426 350.871 417.991 371.365 362.574 329.629 LMV 0.859863
314.703 393.955 371.732 430.181 358.797 450.545 301.768 414.319 LMV 0.853027
204.617 300.753 285.644 310.618 283.133 331.247 202.106 321.382 LMV 0.849609
576.111 560.349 607.736 560.276 607.889 626.651 576.264 626.724 LMV 0.838867
260.505 461.818 342.133 515.822 328.995 535.682 247.367 481.678 LMV 0.836914
459.659 200.422 512.457 243.176 496.341 263.078 443.543 220.324 LMV 0.833496
279.362 437.595 352.019 490.07 339.138 507.905 266.481 455.43 LMV 0.830078
434.816 228.754 486.849 265.91 472.684 285.746 420.651 248.59 LMV 0.827637
162.493 358.776 246.436 367.3 244.007 391.224 160.064 382.7 LMV 0.812012
231.03 510.592 309.062 569.361 295.47 587.409 217.438 528.639 LMV 0.791016
336.708 362.501 391.328 401.949 378.292 419.999 323.672 380.551 LMV 0.790527
240.511 248.874 314.951 255.685 312.989 277.126 238.55 270.315 LMV 0.786133
220.899 277.804 300.194 284.324 298.601 303.696 219.306 297.176 LMV 0.783203
137.634 389.833 220.545 399.733 217.866 422.167 134.955 412.267 LMV 0.78125
183.674 326.832 265.983 335.957 263.576 357.668 181.267 348.543 LMV 0.779297
477.859 167.751 538.065 202.97 526.641 222.499 466.435 187.28 LMV 0.765625
284.187 185.414 365.747 188.667 364.813 212.086 283.253 208.833 LMV 0.763672
261.143 218.609 345.036 222.858 343.857 246.141 259.964 241.892 LMV 0.751953
95.0164 420.452 201.906 430.647 199.484 456.048 92.5937 445.853 LMV 0.731934
304.484 152.046 385.154 155.635 384.016 181.204 303.346 177.615 LMV 0.730469
500.733 128.87 560.532 163.421 547.267 186.38 487.468 151.829 LMV 0.642578
128.208 323.212 177.125 327.727 175.042 350.288 126.125 345.773 LMV 0.441895
500.098 127.935 560.196 163.09 546.902 185.815 486.804 150.66 AFV 0.437012
108.246 353.984 157.869 356.497 156.754 378.516 107.131 376.003 LMV 0.387695
523.513 390.507 563.576 413.111 553.487 430.993 513.424 408.389 LMV 0.352539
85.2006 384.268 131.177 391.23 128.299 410.232 82.3234 403.27 LMV 0.284668
