441.59 526.607 464.921 536.82 445.41 581.393 422.079 571.18 SMV 0.658691
304.275 354.117 342.421 421.651 317.225 435.883 279.079 368.349 LMV 0.605957
406.105 509.588 432.715 516.403 419.395 568.412 392.785 561.597 LMV 0.597656
359.956 214.912 399.489 266.507 376.544 284.088 337.011 232.493 SMV 0.537109
349.605 258.308 385.606 316.732 358.895 333.192 322.894 274.768 LMV 0.536133
458.054 545.818 481.636 553.929 467.446 595.182 443.864 587.071 SMV 0.511719
322.286 312.504 362.166 372.15 339.214 387.496 299.334 327.85 LMV 0.506836
381.889 501.799 407.574 510.022 393.111 555.201 367.426 546.978 LMV 0.415771
408.177 508.025 438.484 519.05 420.323 568.974 390.016 557.95 SMV 0.384766
345.597 256.222 382.905 313.522 356.403 330.778 319.095 273.478 SMV 0.317627
363.552 215.991 400.045 265.494 375.948 283.259 339.455 233.756 LMV 0.307617
318.714 311.529 359.301 363.495 336.286 381.471 295.699 329.505 SMV 0.307617
437.833 524.128 466.564 534.73 449.167 581.872 420.436 571.27 LMV 0.293213
301.463 353.382 340.4 417.41 317.037 431.618 278.1 367.59 SMV 0.290039
