418.468 272.665 446.911 279.88 428.532 352.335 400.089 345.12 LMV 0.918945
155.832 520.313 183.836 526.395 167.918 599.687 139.914 593.605 LMV 0.917969
212.79 534.613 242.041 541.273 224.71 617.387 195.459 610.727 LMV 0.905273
479.571 284.029 508.361 290.606 489.429 373.471 460.639 366.894 LMV 0.904297
190.62 301.368 221.305 309.151 200.13 392.632 169.445 384.849 LMV 0.898438
273.79 553.711 304.418 560.661 287.71 634.289 257.082 627.339 LMV 0.888672
388.851 585.265 417.435 592.683 403.149 647.735 374.565 640.317 LMV 0.883789
162.323 52.4259 191.988 59.4439 175.427 129.449 145.762 122.431 LMV 0.874023
94.5465 504.628 123.38 511.008 106.703 586.372 77.8697 579.992 LMV 0.861328
112.375 28.027 140.523 36.7507 118.875 106.598 90.7273 97.8743 LMV 0.848633
126.724 513.282 153.034 518.912 137.026 593.718 110.716 588.088 LMV 0.845215
220.802 192.628 249.963 200.431 226.698 287.372 197.537 279.569 LMV 0.834961
-0.793194 404.383 65.4518 414.413 61.1057 443.117 -5.13928 433.087 LMV 0.818359
28.0804 304.011 100.378 330.69 90.8571 356.489 18.56 329.81 LMV 0.814453
40.2094 486.678 69.3888 495.116 49.6656 563.322 20.4862 554.884 LMV 0.786133
416.074 598.343 442.372 602.697 435.426 644.657 409.128 640.303 LMV 0.763672
81.7054 452.349 156.713 467.388 150.545 498.151 75.5374 483.112 LMV 0.744141
443.717 607.855 471.783 612.435 466.283 646.145 438.217 641.565 LMV 0.638184
4.16585 457.042 30.848 464.779 6.58415 548.458 -20.098 540.721 LMV 0.537109
516.032 563.492 540.85 571.752 516.968 643.508 492.15 635.248 LMV 0.535156
539.292 406.433 567.641 411.665 558.708 460.067 530.359 454.835 LMV 0.429443
10.693 -10.3561 40.1698 -2.70666 6.38512 127.481 -23.0916 119.832 LMV 0.326416
